
    prbg1
    {
          type                probes;
          functionObjectLibs ("libsampling.so");
          outputControl       runTime;
          writeInterval       0.1;
          timeStart           0.0;
          fields
          (
              U
          );

          probeLocations
          (
                  (1250.01 567.0 20.01)
                  (1240.01 584.32 20.01)
                  (1230.01 601.64 20.01)
                  (1220.01 618.96 20.01)
                  (1210.01 636.28 20.01)
                  (1200.01 653.6 20.01)
                  (1190.01 670.92 20.01)
                  (1180.01 688.24 20.01)
                  (1170.01 705.56 20.01)
                  (1160.01 722.88 20.01)
                  (1150.01 740.2 20.01)
                  (1140.01 757.52 20.01)
                  (1130.01 774.84 20.01)
                  (1120.01 792.16 20.01)
                  (1110.01 809.48 20.01)
                  (1100.01 826.8 20.01)
                  (1090.01 844.13 20.01)
                  (1080.01 861.45 20.01)
                  (1070.01 878.77 20.01)
                  (1060.01 896.09 20.01)
                  (1050.01 913.41 20.01)
                  (1040.01 930.73 20.01)
                  (1030.01 948.05 20.01)
                  (1020.01 965.37 20.01)
                  (1010.01 982.69 20.01)
                  (1000.01 1000.01 20.01)
                  (990.01 1017.33 20.01)
                  (980.01 1034.65 20.01)
                  (970.01 1051.97 20.01)
                  (960.01 1069.29 20.01)
                  (950.01 1086.61 20.01)
                  (940.01 1103.93 20.01)
                  (930.01 1121.25 20.01)
                  (920.01 1138.57 20.01)
                  (910.01 1155.89 20.01)
                  (900.01 1173.22 20.01)
                  (890.01 1190.54 20.01)
                  (880.01 1207.86 20.01)
                  (870.01 1225.18 20.01)
                  (860.01 1242.5 20.01)
                  (850.01 1259.82 20.01)
                  (840.01 1277.14 20.01)
                  (830.01 1294.46 20.01)
                  (820.01 1311.78 20.01)
                  (810.01 1329.1 20.01)
                  (800.01 1346.42 20.01)
                  (790.01 1363.74 20.01)
                  (780.01 1381.06 20.01)
                  (770.01 1398.38 20.01)
                  (760.01 1415.7 20.01)
                  (750.01 1433.02 20.01)
                  (1250.01 567.0 50.01)
                  (1240.01 584.32 50.01)
                  (1230.01 601.64 50.01)
                  (1220.01 618.96 50.01)
                  (1210.01 636.28 50.01)
                  (1200.01 653.6 50.01)
                  (1190.01 670.92 50.01)
                  (1180.01 688.24 50.01)
                  (1170.01 705.56 50.01)
                  (1160.01 722.88 50.01)
                  (1150.01 740.2 50.01)
                  (1140.01 757.52 50.01)
                  (1130.01 774.84 50.01)
                  (1120.01 792.16 50.01)
                  (1110.01 809.48 50.01)
                  (1100.01 826.8 50.01)
                  (1090.01 844.13 50.01)
                  (1080.01 861.45 50.01)
                  (1070.01 878.77 50.01)
                  (1060.01 896.09 50.01)
                  (1050.01 913.41 50.01)
                  (1040.01 930.73 50.01)
                  (1030.01 948.05 50.01)
                  (1020.01 965.37 50.01)
                  (1010.01 982.69 50.01)
                  (1000.01 1000.01 50.01)
                  (990.01 1017.33 50.01)
                  (980.01 1034.65 50.01)
                  (970.01 1051.97 50.01)
                  (960.01 1069.29 50.01)
                  (950.01 1086.61 50.01)
                  (940.01 1103.93 50.01)
                  (930.01 1121.25 50.01)
                  (920.01 1138.57 50.01)
                  (910.01 1155.89 50.01)
                  (900.01 1173.22 50.01)
                  (890.01 1190.54 50.01)
                  (880.01 1207.86 50.01)
                  (870.01 1225.18 50.01)
                  (860.01 1242.5 50.01)
                  (850.01 1259.82 50.01)
                  (840.01 1277.14 50.01)
                  (830.01 1294.46 50.01)
                  (820.01 1311.78 50.01)
                  (810.01 1329.1 50.01)
                  (800.01 1346.42 50.01)
                  (790.01 1363.74 50.01)
                  (780.01 1381.06 50.01)
                  (770.01 1398.38 50.01)
                  (760.01 1415.7 50.01)
                  (750.01 1433.02 50.01)
                  (1250.01 567.0 100.01)
                  (1240.01 584.32 100.01)
                  (1230.01 601.64 100.01)
                  (1220.01 618.96 100.01)
                  (1210.01 636.28 100.01)
                  (1200.01 653.6 100.01)
                  (1190.01 670.92 100.01)
                  (1180.01 688.24 100.01)
                  (1170.01 705.56 100.01)
                  (1160.01 722.88 100.01)
                  (1150.01 740.2 100.01)
                  (1140.01 757.52 100.01)
                  (1130.01 774.84 100.01)
                  (1120.01 792.16 100.01)
                  (1110.01 809.48 100.01)
                  (1100.01 826.8 100.01)
                  (1090.01 844.13 100.01)
                  (1080.01 861.45 100.01)
                  (1070.01 878.77 100.01)
                  (1060.01 896.09 100.01)
                  (1050.01 913.41 100.01)
                  (1040.01 930.73 100.01)
                  (1030.01 948.05 100.01)
                  (1020.01 965.37 100.01)
                  (1010.01 982.69 100.01)
                  (1000.01 1000.01 100.01)
                  (990.01 1017.33 100.01)
                  (980.01 1034.65 100.01)
                  (970.01 1051.97 100.01)
                  (960.01 1069.29 100.01)
                  (950.01 1086.61 100.01)
                  (940.01 1103.93 100.01)
                  (930.01 1121.25 100.01)
                  (920.01 1138.57 100.01)
                  (910.01 1155.89 100.01)
                  (900.01 1173.22 100.01)
                  (890.01 1190.54 100.01)
                  (880.01 1207.86 100.01)
                  (870.01 1225.18 100.01)
                  (860.01 1242.5 100.01)
                  (850.01 1259.82 100.01)
                  (840.01 1277.14 100.01)
                  (830.01 1294.46 100.01)
                  (820.01 1311.78 100.01)
                  (810.01 1329.1 100.01)
                  (800.01 1346.42 100.01)
                  (790.01 1363.74 100.01)
                  (780.01 1381.06 100.01)
                  (770.01 1398.38 100.01)
                  (760.01 1415.7 100.01)
                  (750.01 1433.02 100.01)
                  (1250.01 567.0 150.01)
                  (1240.01 584.32 150.01)
                  (1230.01 601.64 150.01)
                  (1220.01 618.96 150.01)
                  (1210.01 636.28 150.01)
                  (1200.01 653.6 150.01)
                  (1190.01 670.92 150.01)
                  (1180.01 688.24 150.01)
                  (1170.01 705.56 150.01)
                  (1160.01 722.88 150.01)
                  (1150.01 740.2 150.01)
                  (1140.01 757.52 150.01)
                  (1130.01 774.84 150.01)
                  (1120.01 792.16 150.01)
                  (1110.01 809.48 150.01)
                  (1100.01 826.8 150.01)
                  (1090.01 844.13 150.01)
                  (1080.01 861.45 150.01)
                  (1070.01 878.77 150.01)
                  (1060.01 896.09 150.01)
                  (1050.01 913.41 150.01)
                  (1040.01 930.73 150.01)
                  (1030.01 948.05 150.01)
                  (1020.01 965.37 150.01)
                  (1010.01 982.69 150.01)
                  (1000.01 1000.01 150.01)
                  (990.01 1017.33 150.01)
                  (980.01 1034.65 150.01)
                  (970.01 1051.97 150.01)
                  (960.01 1069.29 150.01)
                  (950.01 1086.61 150.01)
                  (940.01 1103.93 150.01)
                  (930.01 1121.25 150.01)
                  (920.01 1138.57 150.01)
                  (910.01 1155.89 150.01)
                  (900.01 1173.22 150.01)
                  (890.01 1190.54 150.01)
                  (880.01 1207.86 150.01)
                  (870.01 1225.18 150.01)
                  (860.01 1242.5 150.01)
                  (850.01 1259.82 150.01)
                  (840.01 1277.14 150.01)
                  (830.01 1294.46 150.01)
                  (820.01 1311.78 150.01)
                  (810.01 1329.1 150.01)
                  (800.01 1346.42 150.01)
                  (790.01 1363.74 150.01)
                  (780.01 1381.06 150.01)
                  (770.01 1398.38 150.01)
                  (760.01 1415.7 150.01)
                  (750.01 1433.02 150.01)
                  (1250.01 567.0 200.01)
                  (1240.01 584.32 200.01)
                  (1230.01 601.64 200.01)
                  (1220.01 618.96 200.01)
                  (1210.01 636.28 200.01)
                  (1200.01 653.6 200.01)
                  (1190.01 670.92 200.01)
                  (1180.01 688.24 200.01)
                  (1170.01 705.56 200.01)
                  (1160.01 722.88 200.01)
                  (1150.01 740.2 200.01)
                  (1140.01 757.52 200.01)
                  (1130.01 774.84 200.01)
                  (1120.01 792.16 200.01)
                  (1110.01 809.48 200.01)
                  (1100.01 826.8 200.01)
                  (1090.01 844.13 200.01)
                  (1080.01 861.45 200.01)
                  (1070.01 878.77 200.01)
                  (1060.01 896.09 200.01)
                  (1050.01 913.41 200.01)
                  (1040.01 930.73 200.01)
                  (1030.01 948.05 200.01)
                  (1020.01 965.37 200.01)
                  (1010.01 982.69 200.01)
                  (1000.01 1000.01 200.01)
                  (990.01 1017.33 200.01)
                  (980.01 1034.65 200.01)
                  (970.01 1051.97 200.01)
                  (960.01 1069.29 200.01)
                  (950.01 1086.61 200.01)
                  (940.01 1103.93 200.01)
                  (930.01 1121.25 200.01)
                  (920.01 1138.57 200.01)
                  (910.01 1155.89 200.01)
                  (900.01 1173.22 200.01)
                  (890.01 1190.54 200.01)
                  (880.01 1207.86 200.01)
                  (870.01 1225.18 200.01)
                  (860.01 1242.5 200.01)
                  (850.01 1259.82 200.01)
                  (840.01 1277.14 200.01)
                  (830.01 1294.46 200.01)
                  (820.01 1311.78 200.01)
                  (810.01 1329.1 200.01)
                  (800.01 1346.42 200.01)
                  (790.01 1363.74 200.01)
                  (780.01 1381.06 200.01)
                  (770.01 1398.38 200.01)
                  (760.01 1415.7 200.01)
                  (750.01 1433.02 200.01)
                  (1250.01 567.0 300.01)
                  (1240.01 584.32 300.01)
                  (1230.01 601.64 300.01)
                  (1220.01 618.96 300.01)
                  (1210.01 636.28 300.01)
                  (1200.01 653.6 300.01)
                  (1190.01 670.92 300.01)
                  (1180.01 688.24 300.01)
                  (1170.01 705.56 300.01)
                  (1160.01 722.88 300.01)
                  (1150.01 740.2 300.01)
                  (1140.01 757.52 300.01)
                  (1130.01 774.84 300.01)
                  (1120.01 792.16 300.01)
                  (1110.01 809.48 300.01)
                  (1100.01 826.8 300.01)
                  (1090.01 844.13 300.01)
                  (1080.01 861.45 300.01)
                  (1070.01 878.77 300.01)
                  (1060.01 896.09 300.01)
                  (1050.01 913.41 300.01)
                  (1040.01 930.73 300.01)
                  (1030.01 948.05 300.01)
                  (1020.01 965.37 300.01)
                  (1010.01 982.69 300.01)
                  (1000.01 1000.01 300.01)
                  (990.01 1017.33 300.01)
                  (980.01 1034.65 300.01)
                  (970.01 1051.97 300.01)
                  (960.01 1069.29 300.01)
                  (950.01 1086.61 300.01)
                  (940.01 1103.93 300.01)
                  (930.01 1121.25 300.01)
                  (920.01 1138.57 300.01)
                  (910.01 1155.89 300.01)
                  (900.01 1173.22 300.01)
                  (890.01 1190.54 300.01)
                  (880.01 1207.86 300.01)
                  (870.01 1225.18 300.01)
                  (860.01 1242.5 300.01)
                  (850.01 1259.82 300.01)
                  (840.01 1277.14 300.01)
                  (830.01 1294.46 300.01)
                  (820.01 1311.78 300.01)
                  (810.01 1329.1 300.01)
                  (800.01 1346.42 300.01)
                  (790.01 1363.74 300.01)
                  (780.01 1381.06 300.01)
                  (770.01 1398.38 300.01)
                  (760.01 1415.7 300.01)
                  (750.01 1433.02 300.01)
                  (1250.01 567.0 400.01)
                  (1240.01 584.32 400.01)
                  (1230.01 601.64 400.01)
                  (1220.01 618.96 400.01)
                  (1210.01 636.28 400.01)
                  (1200.01 653.6 400.01)
                  (1190.01 670.92 400.01)
                  (1180.01 688.24 400.01)
                  (1170.01 705.56 400.01)
                  (1160.01 722.88 400.01)
                  (1150.01 740.2 400.01)
                  (1140.01 757.52 400.01)
                  (1130.01 774.84 400.01)
                  (1120.01 792.16 400.01)
                  (1110.01 809.48 400.01)
                  (1100.01 826.8 400.01)
                  (1090.01 844.13 400.01)
                  (1080.01 861.45 400.01)
                  (1070.01 878.77 400.01)
                  (1060.01 896.09 400.01)
                  (1050.01 913.41 400.01)
                  (1040.01 930.73 400.01)
                  (1030.01 948.05 400.01)
                  (1020.01 965.37 400.01)
                  (1010.01 982.69 400.01)
                  (1000.01 1000.01 400.01)
                  (990.01 1017.33 400.01)
                  (980.01 1034.65 400.01)
                  (970.01 1051.97 400.01)
                  (960.01 1069.29 400.01)
                  (950.01 1086.61 400.01)
                  (940.01 1103.93 400.01)
                  (930.01 1121.25 400.01)
                  (920.01 1138.57 400.01)
                  (910.01 1155.89 400.01)
                  (900.01 1173.22 400.01)
                  (890.01 1190.54 400.01)
                  (880.01 1207.86 400.01)
                  (870.01 1225.18 400.01)
                  (860.01 1242.5 400.01)
                  (850.01 1259.82 400.01)
                  (840.01 1277.14 400.01)
                  (830.01 1294.46 400.01)
                  (820.01 1311.78 400.01)
                  (810.01 1329.1 400.01)
                  (800.01 1346.42 400.01)
                  (790.01 1363.74 400.01)
                  (780.01 1381.06 400.01)
                  (770.01 1398.38 400.01)
                  (760.01 1415.7 400.01)
                  (750.01 1433.02 400.01)
                  (1250.01 567.0 500.01)
                  (1240.01 584.32 500.01)
                  (1230.01 601.64 500.01)
                  (1220.01 618.96 500.01)
                  (1210.01 636.28 500.01)
                  (1200.01 653.6 500.01)
                  (1190.01 670.92 500.01)
                  (1180.01 688.24 500.01)
                  (1170.01 705.56 500.01)
                  (1160.01 722.88 500.01)
                  (1150.01 740.2 500.01)
                  (1140.01 757.52 500.01)
                  (1130.01 774.84 500.01)
                  (1120.01 792.16 500.01)
                  (1110.01 809.48 500.01)
                  (1100.01 826.8 500.01)
                  (1090.01 844.13 500.01)
                  (1080.01 861.45 500.01)
                  (1070.01 878.77 500.01)
                  (1060.01 896.09 500.01)
                  (1050.01 913.41 500.01)
                  (1040.01 930.73 500.01)
                  (1030.01 948.05 500.01)
                  (1020.01 965.37 500.01)
                  (1010.01 982.69 500.01)
                  (1000.01 1000.01 500.01)
                  (990.01 1017.33 500.01)
                  (980.01 1034.65 500.01)
                  (970.01 1051.97 500.01)
                  (960.01 1069.29 500.01)
                  (950.01 1086.61 500.01)
                  (940.01 1103.93 500.01)
                  (930.01 1121.25 500.01)
                  (920.01 1138.57 500.01)
                  (910.01 1155.89 500.01)
                  (900.01 1173.22 500.01)
                  (890.01 1190.54 500.01)
                  (880.01 1207.86 500.01)
                  (870.01 1225.18 500.01)
                  (860.01 1242.5 500.01)
                  (850.01 1259.82 500.01)
                  (840.01 1277.14 500.01)
                  (830.01 1294.46 500.01)
                  (820.01 1311.78 500.01)
                  (810.01 1329.1 500.01)
                  (800.01 1346.42 500.01)
                  (790.01 1363.74 500.01)
                  (780.01 1381.06 500.01)
                  (770.01 1398.38 500.01)
                  (760.01 1415.7 500.01)
                  (750.01 1433.02 500.01)
                  (1250.01 567.0 600.01)
                  (1240.01 584.32 600.01)
                  (1230.01 601.64 600.01)
                  (1220.01 618.96 600.01)
                  (1210.01 636.28 600.01)
                  (1200.01 653.6 600.01)
                  (1190.01 670.92 600.01)
                  (1180.01 688.24 600.01)
                  (1170.01 705.56 600.01)
                  (1160.01 722.88 600.01)
                  (1150.01 740.2 600.01)
                  (1140.01 757.52 600.01)
                  (1130.01 774.84 600.01)
                  (1120.01 792.16 600.01)
                  (1110.01 809.48 600.01)
                  (1100.01 826.8 600.01)
                  (1090.01 844.13 600.01)
                  (1080.01 861.45 600.01)
                  (1070.01 878.77 600.01)
                  (1060.01 896.09 600.01)
                  (1050.01 913.41 600.01)
                  (1040.01 930.73 600.01)
                  (1030.01 948.05 600.01)
                  (1020.01 965.37 600.01)
                  (1010.01 982.69 600.01)
                  (1000.01 1000.01 600.01)
                  (990.01 1017.33 600.01)
                  (980.01 1034.65 600.01)
                  (970.01 1051.97 600.01)
                  (960.01 1069.29 600.01)
                  (950.01 1086.61 600.01)
                  (940.01 1103.93 600.01)
                  (930.01 1121.25 600.01)
                  (920.01 1138.57 600.01)
                  (910.01 1155.89 600.01)
                  (900.01 1173.22 600.01)
                  (890.01 1190.54 600.01)
                  (880.01 1207.86 600.01)
                  (870.01 1225.18 600.01)
                  (860.01 1242.5 600.01)
                  (850.01 1259.82 600.01)
                  (840.01 1277.14 600.01)
                  (830.01 1294.46 600.01)
                  (820.01 1311.78 600.01)
                  (810.01 1329.1 600.01)
                  (800.01 1346.42 600.01)
                  (790.01 1363.74 600.01)
                  (780.01 1381.06 600.01)
                  (770.01 1398.38 600.01)
                  (760.01 1415.7 600.01)
                  (750.01 1433.02 600.01)
          );
    }
