
    prbg0
    {
          type                probes;
          functionObjectLibs ("libsampling.so");
          outputControl       runTime;
          writeInterval       0.1;
          timeStart           0.0;
          fields
          (
              U
          );

          probeLocations
          (
                  (567.0 750.01 20.01)
                  (584.32 760.01 20.01)
                  (601.64 770.01 20.01)
                  (618.96 780.01 20.01)
                  (636.28 790.01 20.01)
                  (653.6 800.01 20.01)
                  (670.92 810.01 20.01)
                  (688.24 820.01 20.01)
                  (705.56 830.01 20.01)
                  (722.88 840.01 20.01)
                  (740.2 850.01 20.01)
                  (757.52 860.01 20.01)
                  (774.84 870.01 20.01)
                  (792.16 880.01 20.01)
                  (809.48 890.01 20.01)
                  (826.8 900.01 20.01)
                  (844.13 910.01 20.01)
                  (861.45 920.01 20.01)
                  (878.77 930.01 20.01)
                  (896.09 940.01 20.01)
                  (913.41 950.01 20.01)
                  (930.73 960.01 20.01)
                  (948.05 970.01 20.01)
                  (965.37 980.01 20.01)
                  (982.69 990.01 20.01)
                  (1000.01 1000.01 20.01)
                  (1017.33 1010.01 20.01)
                  (1034.65 1020.01 20.01)
                  (1051.97 1030.01 20.01)
                  (1069.29 1040.01 20.01)
                  (1086.61 1050.01 20.01)
                  (1103.93 1060.01 20.01)
                  (1121.25 1070.01 20.01)
                  (1138.57 1080.01 20.01)
                  (1155.89 1090.01 20.01)
                  (1173.22 1100.01 20.01)
                  (1190.54 1110.01 20.01)
                  (1207.86 1120.01 20.01)
                  (1225.18 1130.01 20.01)
                  (1242.5 1140.01 20.01)
                  (1259.82 1150.01 20.01)
                  (1277.14 1160.01 20.01)
                  (1294.46 1170.01 20.01)
                  (1311.78 1180.01 20.01)
                  (1329.1 1190.01 20.01)
                  (1346.42 1200.01 20.01)
                  (1363.74 1210.01 20.01)
                  (1381.06 1220.01 20.01)
                  (1398.38 1230.01 20.01)
                  (1415.7 1240.01 20.01)
                  (1433.02 1250.01 20.01)
                  (567.0 750.01 50.01)
                  (584.32 760.01 50.01)
                  (601.64 770.01 50.01)
                  (618.96 780.01 50.01)
                  (636.28 790.01 50.01)
                  (653.6 800.01 50.01)
                  (670.92 810.01 50.01)
                  (688.24 820.01 50.01)
                  (705.56 830.01 50.01)
                  (722.88 840.01 50.01)
                  (740.2 850.01 50.01)
                  (757.52 860.01 50.01)
                  (774.84 870.01 50.01)
                  (792.16 880.01 50.01)
                  (809.48 890.01 50.01)
                  (826.8 900.01 50.01)
                  (844.13 910.01 50.01)
                  (861.45 920.01 50.01)
                  (878.77 930.01 50.01)
                  (896.09 940.01 50.01)
                  (913.41 950.01 50.01)
                  (930.73 960.01 50.01)
                  (948.05 970.01 50.01)
                  (965.37 980.01 50.01)
                  (982.69 990.01 50.01)
                  (1000.01 1000.01 50.01)
                  (1017.33 1010.01 50.01)
                  (1034.65 1020.01 50.01)
                  (1051.97 1030.01 50.01)
                  (1069.29 1040.01 50.01)
                  (1086.61 1050.01 50.01)
                  (1103.93 1060.01 50.01)
                  (1121.25 1070.01 50.01)
                  (1138.57 1080.01 50.01)
                  (1155.89 1090.01 50.01)
                  (1173.22 1100.01 50.01)
                  (1190.54 1110.01 50.01)
                  (1207.86 1120.01 50.01)
                  (1225.18 1130.01 50.01)
                  (1242.5 1140.01 50.01)
                  (1259.82 1150.01 50.01)
                  (1277.14 1160.01 50.01)
                  (1294.46 1170.01 50.01)
                  (1311.78 1180.01 50.01)
                  (1329.1 1190.01 50.01)
                  (1346.42 1200.01 50.01)
                  (1363.74 1210.01 50.01)
                  (1381.06 1220.01 50.01)
                  (1398.38 1230.01 50.01)
                  (1415.7 1240.01 50.01)
                  (1433.02 1250.01 50.01)
                  (567.0 750.01 100.01)
                  (584.32 760.01 100.01)
                  (601.64 770.01 100.01)
                  (618.96 780.01 100.01)
                  (636.28 790.01 100.01)
                  (653.6 800.01 100.01)
                  (670.92 810.01 100.01)
                  (688.24 820.01 100.01)
                  (705.56 830.01 100.01)
                  (722.88 840.01 100.01)
                  (740.2 850.01 100.01)
                  (757.52 860.01 100.01)
                  (774.84 870.01 100.01)
                  (792.16 880.01 100.01)
                  (809.48 890.01 100.01)
                  (826.8 900.01 100.01)
                  (844.13 910.01 100.01)
                  (861.45 920.01 100.01)
                  (878.77 930.01 100.01)
                  (896.09 940.01 100.01)
                  (913.41 950.01 100.01)
                  (930.73 960.01 100.01)
                  (948.05 970.01 100.01)
                  (965.37 980.01 100.01)
                  (982.69 990.01 100.01)
                  (1000.01 1000.01 100.01)
                  (1017.33 1010.01 100.01)
                  (1034.65 1020.01 100.01)
                  (1051.97 1030.01 100.01)
                  (1069.29 1040.01 100.01)
                  (1086.61 1050.01 100.01)
                  (1103.93 1060.01 100.01)
                  (1121.25 1070.01 100.01)
                  (1138.57 1080.01 100.01)
                  (1155.89 1090.01 100.01)
                  (1173.22 1100.01 100.01)
                  (1190.54 1110.01 100.01)
                  (1207.86 1120.01 100.01)
                  (1225.18 1130.01 100.01)
                  (1242.5 1140.01 100.01)
                  (1259.82 1150.01 100.01)
                  (1277.14 1160.01 100.01)
                  (1294.46 1170.01 100.01)
                  (1311.78 1180.01 100.01)
                  (1329.1 1190.01 100.01)
                  (1346.42 1200.01 100.01)
                  (1363.74 1210.01 100.01)
                  (1381.06 1220.01 100.01)
                  (1398.38 1230.01 100.01)
                  (1415.7 1240.01 100.01)
                  (1433.02 1250.01 100.01)
                  (567.0 750.01 150.01)
                  (584.32 760.01 150.01)
                  (601.64 770.01 150.01)
                  (618.96 780.01 150.01)
                  (636.28 790.01 150.01)
                  (653.6 800.01 150.01)
                  (670.92 810.01 150.01)
                  (688.24 820.01 150.01)
                  (705.56 830.01 150.01)
                  (722.88 840.01 150.01)
                  (740.2 850.01 150.01)
                  (757.52 860.01 150.01)
                  (774.84 870.01 150.01)
                  (792.16 880.01 150.01)
                  (809.48 890.01 150.01)
                  (826.8 900.01 150.01)
                  (844.13 910.01 150.01)
                  (861.45 920.01 150.01)
                  (878.77 930.01 150.01)
                  (896.09 940.01 150.01)
                  (913.41 950.01 150.01)
                  (930.73 960.01 150.01)
                  (948.05 970.01 150.01)
                  (965.37 980.01 150.01)
                  (982.69 990.01 150.01)
                  (1000.01 1000.01 150.01)
                  (1017.33 1010.01 150.01)
                  (1034.65 1020.01 150.01)
                  (1051.97 1030.01 150.01)
                  (1069.29 1040.01 150.01)
                  (1086.61 1050.01 150.01)
                  (1103.93 1060.01 150.01)
                  (1121.25 1070.01 150.01)
                  (1138.57 1080.01 150.01)
                  (1155.89 1090.01 150.01)
                  (1173.22 1100.01 150.01)
                  (1190.54 1110.01 150.01)
                  (1207.86 1120.01 150.01)
                  (1225.18 1130.01 150.01)
                  (1242.5 1140.01 150.01)
                  (1259.82 1150.01 150.01)
                  (1277.14 1160.01 150.01)
                  (1294.46 1170.01 150.01)
                  (1311.78 1180.01 150.01)
                  (1329.1 1190.01 150.01)
                  (1346.42 1200.01 150.01)
                  (1363.74 1210.01 150.01)
                  (1381.06 1220.01 150.01)
                  (1398.38 1230.01 150.01)
                  (1415.7 1240.01 150.01)
                  (1433.02 1250.01 150.01)
                  (567.0 750.01 200.01)
                  (584.32 760.01 200.01)
                  (601.64 770.01 200.01)
                  (618.96 780.01 200.01)
                  (636.28 790.01 200.01)
                  (653.6 800.01 200.01)
                  (670.92 810.01 200.01)
                  (688.24 820.01 200.01)
                  (705.56 830.01 200.01)
                  (722.88 840.01 200.01)
                  (740.2 850.01 200.01)
                  (757.52 860.01 200.01)
                  (774.84 870.01 200.01)
                  (792.16 880.01 200.01)
                  (809.48 890.01 200.01)
                  (826.8 900.01 200.01)
                  (844.13 910.01 200.01)
                  (861.45 920.01 200.01)
                  (878.77 930.01 200.01)
                  (896.09 940.01 200.01)
                  (913.41 950.01 200.01)
                  (930.73 960.01 200.01)
                  (948.05 970.01 200.01)
                  (965.37 980.01 200.01)
                  (982.69 990.01 200.01)
                  (1000.01 1000.01 200.01)
                  (1017.33 1010.01 200.01)
                  (1034.65 1020.01 200.01)
                  (1051.97 1030.01 200.01)
                  (1069.29 1040.01 200.01)
                  (1086.61 1050.01 200.01)
                  (1103.93 1060.01 200.01)
                  (1121.25 1070.01 200.01)
                  (1138.57 1080.01 200.01)
                  (1155.89 1090.01 200.01)
                  (1173.22 1100.01 200.01)
                  (1190.54 1110.01 200.01)
                  (1207.86 1120.01 200.01)
                  (1225.18 1130.01 200.01)
                  (1242.5 1140.01 200.01)
                  (1259.82 1150.01 200.01)
                  (1277.14 1160.01 200.01)
                  (1294.46 1170.01 200.01)
                  (1311.78 1180.01 200.01)
                  (1329.1 1190.01 200.01)
                  (1346.42 1200.01 200.01)
                  (1363.74 1210.01 200.01)
                  (1381.06 1220.01 200.01)
                  (1398.38 1230.01 200.01)
                  (1415.7 1240.01 200.01)
                  (1433.02 1250.01 200.01)
                  (567.0 750.01 300.01)
                  (584.32 760.01 300.01)
                  (601.64 770.01 300.01)
                  (618.96 780.01 300.01)
                  (636.28 790.01 300.01)
                  (653.6 800.01 300.01)
                  (670.92 810.01 300.01)
                  (688.24 820.01 300.01)
                  (705.56 830.01 300.01)
                  (722.88 840.01 300.01)
                  (740.2 850.01 300.01)
                  (757.52 860.01 300.01)
                  (774.84 870.01 300.01)
                  (792.16 880.01 300.01)
                  (809.48 890.01 300.01)
                  (826.8 900.01 300.01)
                  (844.13 910.01 300.01)
                  (861.45 920.01 300.01)
                  (878.77 930.01 300.01)
                  (896.09 940.01 300.01)
                  (913.41 950.01 300.01)
                  (930.73 960.01 300.01)
                  (948.05 970.01 300.01)
                  (965.37 980.01 300.01)
                  (982.69 990.01 300.01)
                  (1000.01 1000.01 300.01)
                  (1017.33 1010.01 300.01)
                  (1034.65 1020.01 300.01)
                  (1051.97 1030.01 300.01)
                  (1069.29 1040.01 300.01)
                  (1086.61 1050.01 300.01)
                  (1103.93 1060.01 300.01)
                  (1121.25 1070.01 300.01)
                  (1138.57 1080.01 300.01)
                  (1155.89 1090.01 300.01)
                  (1173.22 1100.01 300.01)
                  (1190.54 1110.01 300.01)
                  (1207.86 1120.01 300.01)
                  (1225.18 1130.01 300.01)
                  (1242.5 1140.01 300.01)
                  (1259.82 1150.01 300.01)
                  (1277.14 1160.01 300.01)
                  (1294.46 1170.01 300.01)
                  (1311.78 1180.01 300.01)
                  (1329.1 1190.01 300.01)
                  (1346.42 1200.01 300.01)
                  (1363.74 1210.01 300.01)
                  (1381.06 1220.01 300.01)
                  (1398.38 1230.01 300.01)
                  (1415.7 1240.01 300.01)
                  (1433.02 1250.01 300.01)
                  (567.0 750.01 400.01)
                  (584.32 760.01 400.01)
                  (601.64 770.01 400.01)
                  (618.96 780.01 400.01)
                  (636.28 790.01 400.01)
                  (653.6 800.01 400.01)
                  (670.92 810.01 400.01)
                  (688.24 820.01 400.01)
                  (705.56 830.01 400.01)
                  (722.88 840.01 400.01)
                  (740.2 850.01 400.01)
                  (757.52 860.01 400.01)
                  (774.84 870.01 400.01)
                  (792.16 880.01 400.01)
                  (809.48 890.01 400.01)
                  (826.8 900.01 400.01)
                  (844.13 910.01 400.01)
                  (861.45 920.01 400.01)
                  (878.77 930.01 400.01)
                  (896.09 940.01 400.01)
                  (913.41 950.01 400.01)
                  (930.73 960.01 400.01)
                  (948.05 970.01 400.01)
                  (965.37 980.01 400.01)
                  (982.69 990.01 400.01)
                  (1000.01 1000.01 400.01)
                  (1017.33 1010.01 400.01)
                  (1034.65 1020.01 400.01)
                  (1051.97 1030.01 400.01)
                  (1069.29 1040.01 400.01)
                  (1086.61 1050.01 400.01)
                  (1103.93 1060.01 400.01)
                  (1121.25 1070.01 400.01)
                  (1138.57 1080.01 400.01)
                  (1155.89 1090.01 400.01)
                  (1173.22 1100.01 400.01)
                  (1190.54 1110.01 400.01)
                  (1207.86 1120.01 400.01)
                  (1225.18 1130.01 400.01)
                  (1242.5 1140.01 400.01)
                  (1259.82 1150.01 400.01)
                  (1277.14 1160.01 400.01)
                  (1294.46 1170.01 400.01)
                  (1311.78 1180.01 400.01)
                  (1329.1 1190.01 400.01)
                  (1346.42 1200.01 400.01)
                  (1363.74 1210.01 400.01)
                  (1381.06 1220.01 400.01)
                  (1398.38 1230.01 400.01)
                  (1415.7 1240.01 400.01)
                  (1433.02 1250.01 400.01)
                  (567.0 750.01 500.01)
                  (584.32 760.01 500.01)
                  (601.64 770.01 500.01)
                  (618.96 780.01 500.01)
                  (636.28 790.01 500.01)
                  (653.6 800.01 500.01)
                  (670.92 810.01 500.01)
                  (688.24 820.01 500.01)
                  (705.56 830.01 500.01)
                  (722.88 840.01 500.01)
                  (740.2 850.01 500.01)
                  (757.52 860.01 500.01)
                  (774.84 870.01 500.01)
                  (792.16 880.01 500.01)
                  (809.48 890.01 500.01)
                  (826.8 900.01 500.01)
                  (844.13 910.01 500.01)
                  (861.45 920.01 500.01)
                  (878.77 930.01 500.01)
                  (896.09 940.01 500.01)
                  (913.41 950.01 500.01)
                  (930.73 960.01 500.01)
                  (948.05 970.01 500.01)
                  (965.37 980.01 500.01)
                  (982.69 990.01 500.01)
                  (1000.01 1000.01 500.01)
                  (1017.33 1010.01 500.01)
                  (1034.65 1020.01 500.01)
                  (1051.97 1030.01 500.01)
                  (1069.29 1040.01 500.01)
                  (1086.61 1050.01 500.01)
                  (1103.93 1060.01 500.01)
                  (1121.25 1070.01 500.01)
                  (1138.57 1080.01 500.01)
                  (1155.89 1090.01 500.01)
                  (1173.22 1100.01 500.01)
                  (1190.54 1110.01 500.01)
                  (1207.86 1120.01 500.01)
                  (1225.18 1130.01 500.01)
                  (1242.5 1140.01 500.01)
                  (1259.82 1150.01 500.01)
                  (1277.14 1160.01 500.01)
                  (1294.46 1170.01 500.01)
                  (1311.78 1180.01 500.01)
                  (1329.1 1190.01 500.01)
                  (1346.42 1200.01 500.01)
                  (1363.74 1210.01 500.01)
                  (1381.06 1220.01 500.01)
                  (1398.38 1230.01 500.01)
                  (1415.7 1240.01 500.01)
                  (1433.02 1250.01 500.01)
                  (567.0 750.01 600.01)
                  (584.32 760.01 600.01)
                  (601.64 770.01 600.01)
                  (618.96 780.01 600.01)
                  (636.28 790.01 600.01)
                  (653.6 800.01 600.01)
                  (670.92 810.01 600.01)
                  (688.24 820.01 600.01)
                  (705.56 830.01 600.01)
                  (722.88 840.01 600.01)
                  (740.2 850.01 600.01)
                  (757.52 860.01 600.01)
                  (774.84 870.01 600.01)
                  (792.16 880.01 600.01)
                  (809.48 890.01 600.01)
                  (826.8 900.01 600.01)
                  (844.13 910.01 600.01)
                  (861.45 920.01 600.01)
                  (878.77 930.01 600.01)
                  (896.09 940.01 600.01)
                  (913.41 950.01 600.01)
                  (930.73 960.01 600.01)
                  (948.05 970.01 600.01)
                  (965.37 980.01 600.01)
                  (982.69 990.01 600.01)
                  (1000.01 1000.01 600.01)
                  (1017.33 1010.01 600.01)
                  (1034.65 1020.01 600.01)
                  (1051.97 1030.01 600.01)
                  (1069.29 1040.01 600.01)
                  (1086.61 1050.01 600.01)
                  (1103.93 1060.01 600.01)
                  (1121.25 1070.01 600.01)
                  (1138.57 1080.01 600.01)
                  (1155.89 1090.01 600.01)
                  (1173.22 1100.01 600.01)
                  (1190.54 1110.01 600.01)
                  (1207.86 1120.01 600.01)
                  (1225.18 1130.01 600.01)
                  (1242.5 1140.01 600.01)
                  (1259.82 1150.01 600.01)
                  (1277.14 1160.01 600.01)
                  (1294.46 1170.01 600.01)
                  (1311.78 1180.01 600.01)
                  (1329.1 1190.01 600.01)
                  (1346.42 1200.01 600.01)
                  (1363.74 1210.01 600.01)
                  (1381.06 1220.01 600.01)
                  (1398.38 1230.01 600.01)
                  (1415.7 1240.01 600.01)
                  (1433.02 1250.01 600.01)
          );
    }
