
    probeNy0
    {
          type                probes;
          functionObjectLibs ("libsampling.so");
          outputControl       runTime;
          writeInterval       0.1;
          timeStart           0.0;
          fields
          (
              U
          );

          probeLocations
          (
                  (1280.01 780.01 0.01)
                  (1280.01 800.01 0.01)
                  (1280.01 820.01 0.01)
                  (1280.01 840.01 0.01)
                  (1280.01 860.01 0.01)
                  (1280.01 880.01 0.01)
                  (1280.01 900.01 0.01)
                  (1280.01 920.01 0.01)
                  (1280.01 940.01 0.01)
                  (1280.01 960.01 0.01)
                  (1280.01 980.01 0.01)
                  (1280.01 1000.01 0.01)
                  (1280.01 1020.01 0.01)
                  (1280.01 1040.01 0.01)
                  (1280.01 1060.01 0.01)
                  (1280.01 1080.01 0.01)
                  (1280.01 1100.01 0.01)
                  (1280.01 1120.01 0.01)
                  (1280.01 1140.01 0.01)
                  (1280.01 1160.01 0.01)
                  (1280.01 1180.01 0.01)
                  (1280.01 1200.01 0.01)
                  (1280.01 1220.01 0.01)
                  (1280.01 1240.01 0.01)
                  (1280.01 1260.01 0.01)
                  (1280.01 1280.01 0.01)
                  (1280.01 1300.01 0.01)
                  (1280.01 1320.01 0.01)
                  (1280.01 1340.01 0.01)
                  (1280.01 1360.01 0.01)
                  (1280.01 1380.01 0.01)
                  (1280.01 1400.01 0.01)
                  (1280.01 1420.01 0.01)
                  (1280.01 1440.01 0.01)
                  (1280.01 1460.01 0.01)
                  (1280.01 1480.01 0.01)
                  (1280.01 1500.01 0.01)
                  (1280.01 1520.01 0.01)
                  (1280.01 1540.01 0.01)
                  (1280.01 1560.01 0.01)
                  (1280.01 1580.01 0.01)
                  (1280.01 1600.01 0.01)
                  (1280.01 1620.01 0.01)
                  (1280.01 1640.01 0.01)
                  (1280.01 1660.01 0.01)
                  (1280.01 1680.01 0.01)
                  (1280.01 1700.01 0.01)
                  (1280.01 1720.01 0.01)
                  (1280.01 1740.01 0.01)
                  (1280.01 1760.01 0.01)
                  (1280.01 1780.01 0.01)
          );
    }

    probeNy1
    {
          type                probes;
          functionObjectLibs ("libsampling.so");
          outputControl       runTime;
          writeInterval       0.1;
          timeStart           0.0;
          fields
          (
              U
          );

          probeLocations
          (
                  (1280.01 780.01 20.01)
                  (1280.01 800.01 20.01)
                  (1280.01 820.01 20.01)
                  (1280.01 840.01 20.01)
                  (1280.01 860.01 20.01)
                  (1280.01 880.01 20.01)
                  (1280.01 900.01 20.01)
                  (1280.01 920.01 20.01)
                  (1280.01 940.01 20.01)
                  (1280.01 960.01 20.01)
                  (1280.01 980.01 20.01)
                  (1280.01 1000.01 20.01)
                  (1280.01 1020.01 20.01)
                  (1280.01 1040.01 20.01)
                  (1280.01 1060.01 20.01)
                  (1280.01 1080.01 20.01)
                  (1280.01 1100.01 20.01)
                  (1280.01 1120.01 20.01)
                  (1280.01 1140.01 20.01)
                  (1280.01 1160.01 20.01)
                  (1280.01 1180.01 20.01)
                  (1280.01 1200.01 20.01)
                  (1280.01 1220.01 20.01)
                  (1280.01 1240.01 20.01)
                  (1280.01 1260.01 20.01)
                  (1280.01 1280.01 20.01)
                  (1280.01 1300.01 20.01)
                  (1280.01 1320.01 20.01)
                  (1280.01 1340.01 20.01)
                  (1280.01 1360.01 20.01)
                  (1280.01 1380.01 20.01)
                  (1280.01 1400.01 20.01)
                  (1280.01 1420.01 20.01)
                  (1280.01 1440.01 20.01)
                  (1280.01 1460.01 20.01)
                  (1280.01 1480.01 20.01)
                  (1280.01 1500.01 20.01)
                  (1280.01 1520.01 20.01)
                  (1280.01 1540.01 20.01)
                  (1280.01 1560.01 20.01)
                  (1280.01 1580.01 20.01)
                  (1280.01 1600.01 20.01)
                  (1280.01 1620.01 20.01)
                  (1280.01 1640.01 20.01)
                  (1280.01 1660.01 20.01)
                  (1280.01 1680.01 20.01)
                  (1280.01 1700.01 20.01)
                  (1280.01 1720.01 20.01)
                  (1280.01 1740.01 20.01)
                  (1280.01 1760.01 20.01)
                  (1280.01 1780.01 20.01)
          );
    }

    probeNy2
    {
          type                probes;
          functionObjectLibs ("libsampling.so");
          outputControl       runTime;
          writeInterval       0.1;
          timeStart           0.0;
          fields
          (
              U
          );

          probeLocations
          (
                  (1280.01 780.01 50.01)
                  (1280.01 800.01 50.01)
                  (1280.01 820.01 50.01)
                  (1280.01 840.01 50.01)
                  (1280.01 860.01 50.01)
                  (1280.01 880.01 50.01)
                  (1280.01 900.01 50.01)
                  (1280.01 920.01 50.01)
                  (1280.01 940.01 50.01)
                  (1280.01 960.01 50.01)
                  (1280.01 980.01 50.01)
                  (1280.01 1000.01 50.01)
                  (1280.01 1020.01 50.01)
                  (1280.01 1040.01 50.01)
                  (1280.01 1060.01 50.01)
                  (1280.01 1080.01 50.01)
                  (1280.01 1100.01 50.01)
                  (1280.01 1120.01 50.01)
                  (1280.01 1140.01 50.01)
                  (1280.01 1160.01 50.01)
                  (1280.01 1180.01 50.01)
                  (1280.01 1200.01 50.01)
                  (1280.01 1220.01 50.01)
                  (1280.01 1240.01 50.01)
                  (1280.01 1260.01 50.01)
                  (1280.01 1280.01 50.01)
                  (1280.01 1300.01 50.01)
                  (1280.01 1320.01 50.01)
                  (1280.01 1340.01 50.01)
                  (1280.01 1360.01 50.01)
                  (1280.01 1380.01 50.01)
                  (1280.01 1400.01 50.01)
                  (1280.01 1420.01 50.01)
                  (1280.01 1440.01 50.01)
                  (1280.01 1460.01 50.01)
                  (1280.01 1480.01 50.01)
                  (1280.01 1500.01 50.01)
                  (1280.01 1520.01 50.01)
                  (1280.01 1540.01 50.01)
                  (1280.01 1560.01 50.01)
                  (1280.01 1580.01 50.01)
                  (1280.01 1600.01 50.01)
                  (1280.01 1620.01 50.01)
                  (1280.01 1640.01 50.01)
                  (1280.01 1660.01 50.01)
                  (1280.01 1680.01 50.01)
                  (1280.01 1700.01 50.01)
                  (1280.01 1720.01 50.01)
                  (1280.01 1740.01 50.01)
                  (1280.01 1760.01 50.01)
                  (1280.01 1780.01 50.01)
          );
    }

    probeNy3
    {
          type                probes;
          functionObjectLibs ("libsampling.so");
          outputControl       runTime;
          writeInterval       0.1;
          timeStart           0.0;
          fields
          (
              U
          );

          probeLocations
          (
                  (1280.01 780.01 100.01)
                  (1280.01 800.01 100.01)
                  (1280.01 820.01 100.01)
                  (1280.01 840.01 100.01)
                  (1280.01 860.01 100.01)
                  (1280.01 880.01 100.01)
                  (1280.01 900.01 100.01)
                  (1280.01 920.01 100.01)
                  (1280.01 940.01 100.01)
                  (1280.01 960.01 100.01)
                  (1280.01 980.01 100.01)
                  (1280.01 1000.01 100.01)
                  (1280.01 1020.01 100.01)
                  (1280.01 1040.01 100.01)
                  (1280.01 1060.01 100.01)
                  (1280.01 1080.01 100.01)
                  (1280.01 1100.01 100.01)
                  (1280.01 1120.01 100.01)
                  (1280.01 1140.01 100.01)
                  (1280.01 1160.01 100.01)
                  (1280.01 1180.01 100.01)
                  (1280.01 1200.01 100.01)
                  (1280.01 1220.01 100.01)
                  (1280.01 1240.01 100.01)
                  (1280.01 1260.01 100.01)
                  (1280.01 1280.01 100.01)
                  (1280.01 1300.01 100.01)
                  (1280.01 1320.01 100.01)
                  (1280.01 1340.01 100.01)
                  (1280.01 1360.01 100.01)
                  (1280.01 1380.01 100.01)
                  (1280.01 1400.01 100.01)
                  (1280.01 1420.01 100.01)
                  (1280.01 1440.01 100.01)
                  (1280.01 1460.01 100.01)
                  (1280.01 1480.01 100.01)
                  (1280.01 1500.01 100.01)
                  (1280.01 1520.01 100.01)
                  (1280.01 1540.01 100.01)
                  (1280.01 1560.01 100.01)
                  (1280.01 1580.01 100.01)
                  (1280.01 1600.01 100.01)
                  (1280.01 1620.01 100.01)
                  (1280.01 1640.01 100.01)
                  (1280.01 1660.01 100.01)
                  (1280.01 1680.01 100.01)
                  (1280.01 1700.01 100.01)
                  (1280.01 1720.01 100.01)
                  (1280.01 1740.01 100.01)
                  (1280.01 1760.01 100.01)
                  (1280.01 1780.01 100.01)
          );
    }

    probeNy4
    {
          type                probes;
          functionObjectLibs ("libsampling.so");
          outputControl       runTime;
          writeInterval       0.1;
          timeStart           0.0;
          fields
          (
              U
          );

          probeLocations
          (
                  (1280.01 780.01 150.01)
                  (1280.01 800.01 150.01)
                  (1280.01 820.01 150.01)
                  (1280.01 840.01 150.01)
                  (1280.01 860.01 150.01)
                  (1280.01 880.01 150.01)
                  (1280.01 900.01 150.01)
                  (1280.01 920.01 150.01)
                  (1280.01 940.01 150.01)
                  (1280.01 960.01 150.01)
                  (1280.01 980.01 150.01)
                  (1280.01 1000.01 150.01)
                  (1280.01 1020.01 150.01)
                  (1280.01 1040.01 150.01)
                  (1280.01 1060.01 150.01)
                  (1280.01 1080.01 150.01)
                  (1280.01 1100.01 150.01)
                  (1280.01 1120.01 150.01)
                  (1280.01 1140.01 150.01)
                  (1280.01 1160.01 150.01)
                  (1280.01 1180.01 150.01)
                  (1280.01 1200.01 150.01)
                  (1280.01 1220.01 150.01)
                  (1280.01 1240.01 150.01)
                  (1280.01 1260.01 150.01)
                  (1280.01 1280.01 150.01)
                  (1280.01 1300.01 150.01)
                  (1280.01 1320.01 150.01)
                  (1280.01 1340.01 150.01)
                  (1280.01 1360.01 150.01)
                  (1280.01 1380.01 150.01)
                  (1280.01 1400.01 150.01)
                  (1280.01 1420.01 150.01)
                  (1280.01 1440.01 150.01)
                  (1280.01 1460.01 150.01)
                  (1280.01 1480.01 150.01)
                  (1280.01 1500.01 150.01)
                  (1280.01 1520.01 150.01)
                  (1280.01 1540.01 150.01)
                  (1280.01 1560.01 150.01)
                  (1280.01 1580.01 150.01)
                  (1280.01 1600.01 150.01)
                  (1280.01 1620.01 150.01)
                  (1280.01 1640.01 150.01)
                  (1280.01 1660.01 150.01)
                  (1280.01 1680.01 150.01)
                  (1280.01 1700.01 150.01)
                  (1280.01 1720.01 150.01)
                  (1280.01 1740.01 150.01)
                  (1280.01 1760.01 150.01)
                  (1280.01 1780.01 150.01)
          );
    }

    probeNy5
    {
          type                probes;
          functionObjectLibs ("libsampling.so");
          outputControl       runTime;
          writeInterval       0.1;
          timeStart           0.0;
          fields
          (
              U
          );

          probeLocations
          (
                  (1280.01 780.01 200.01)
                  (1280.01 800.01 200.01)
                  (1280.01 820.01 200.01)
                  (1280.01 840.01 200.01)
                  (1280.01 860.01 200.01)
                  (1280.01 880.01 200.01)
                  (1280.01 900.01 200.01)
                  (1280.01 920.01 200.01)
                  (1280.01 940.01 200.01)
                  (1280.01 960.01 200.01)
                  (1280.01 980.01 200.01)
                  (1280.01 1000.01 200.01)
                  (1280.01 1020.01 200.01)
                  (1280.01 1040.01 200.01)
                  (1280.01 1060.01 200.01)
                  (1280.01 1080.01 200.01)
                  (1280.01 1100.01 200.01)
                  (1280.01 1120.01 200.01)
                  (1280.01 1140.01 200.01)
                  (1280.01 1160.01 200.01)
                  (1280.01 1180.01 200.01)
                  (1280.01 1200.01 200.01)
                  (1280.01 1220.01 200.01)
                  (1280.01 1240.01 200.01)
                  (1280.01 1260.01 200.01)
                  (1280.01 1280.01 200.01)
                  (1280.01 1300.01 200.01)
                  (1280.01 1320.01 200.01)
                  (1280.01 1340.01 200.01)
                  (1280.01 1360.01 200.01)
                  (1280.01 1380.01 200.01)
                  (1280.01 1400.01 200.01)
                  (1280.01 1420.01 200.01)
                  (1280.01 1440.01 200.01)
                  (1280.01 1460.01 200.01)
                  (1280.01 1480.01 200.01)
                  (1280.01 1500.01 200.01)
                  (1280.01 1520.01 200.01)
                  (1280.01 1540.01 200.01)
                  (1280.01 1560.01 200.01)
                  (1280.01 1580.01 200.01)
                  (1280.01 1600.01 200.01)
                  (1280.01 1620.01 200.01)
                  (1280.01 1640.01 200.01)
                  (1280.01 1660.01 200.01)
                  (1280.01 1680.01 200.01)
                  (1280.01 1700.01 200.01)
                  (1280.01 1720.01 200.01)
                  (1280.01 1740.01 200.01)
                  (1280.01 1760.01 200.01)
                  (1280.01 1780.01 200.01)
          );
    }

    probeNy6
    {
          type                probes;
          functionObjectLibs ("libsampling.so");
          outputControl       runTime;
          writeInterval       0.1;
          timeStart           0.0;
          fields
          (
              U
          );

          probeLocations
          (
                  (1280.01 780.01 300.01)
                  (1280.01 800.01 300.01)
                  (1280.01 820.01 300.01)
                  (1280.01 840.01 300.01)
                  (1280.01 860.01 300.01)
                  (1280.01 880.01 300.01)
                  (1280.01 900.01 300.01)
                  (1280.01 920.01 300.01)
                  (1280.01 940.01 300.01)
                  (1280.01 960.01 300.01)
                  (1280.01 980.01 300.01)
                  (1280.01 1000.01 300.01)
                  (1280.01 1020.01 300.01)
                  (1280.01 1040.01 300.01)
                  (1280.01 1060.01 300.01)
                  (1280.01 1080.01 300.01)
                  (1280.01 1100.01 300.01)
                  (1280.01 1120.01 300.01)
                  (1280.01 1140.01 300.01)
                  (1280.01 1160.01 300.01)
                  (1280.01 1180.01 300.01)
                  (1280.01 1200.01 300.01)
                  (1280.01 1220.01 300.01)
                  (1280.01 1240.01 300.01)
                  (1280.01 1260.01 300.01)
                  (1280.01 1280.01 300.01)
                  (1280.01 1300.01 300.01)
                  (1280.01 1320.01 300.01)
                  (1280.01 1340.01 300.01)
                  (1280.01 1360.01 300.01)
                  (1280.01 1380.01 300.01)
                  (1280.01 1400.01 300.01)
                  (1280.01 1420.01 300.01)
                  (1280.01 1440.01 300.01)
                  (1280.01 1460.01 300.01)
                  (1280.01 1480.01 300.01)
                  (1280.01 1500.01 300.01)
                  (1280.01 1520.01 300.01)
                  (1280.01 1540.01 300.01)
                  (1280.01 1560.01 300.01)
                  (1280.01 1580.01 300.01)
                  (1280.01 1600.01 300.01)
                  (1280.01 1620.01 300.01)
                  (1280.01 1640.01 300.01)
                  (1280.01 1660.01 300.01)
                  (1280.01 1680.01 300.01)
                  (1280.01 1700.01 300.01)
                  (1280.01 1720.01 300.01)
                  (1280.01 1740.01 300.01)
                  (1280.01 1760.01 300.01)
                  (1280.01 1780.01 300.01)
          );
    }

    probeNy7
    {
          type                probes;
          functionObjectLibs ("libsampling.so");
          outputControl       runTime;
          writeInterval       0.1;
          timeStart           0.0;
          fields
          (
              U
          );

          probeLocations
          (
                  (1280.01 780.01 400.01)
                  (1280.01 800.01 400.01)
                  (1280.01 820.01 400.01)
                  (1280.01 840.01 400.01)
                  (1280.01 860.01 400.01)
                  (1280.01 880.01 400.01)
                  (1280.01 900.01 400.01)
                  (1280.01 920.01 400.01)
                  (1280.01 940.01 400.01)
                  (1280.01 960.01 400.01)
                  (1280.01 980.01 400.01)
                  (1280.01 1000.01 400.01)
                  (1280.01 1020.01 400.01)
                  (1280.01 1040.01 400.01)
                  (1280.01 1060.01 400.01)
                  (1280.01 1080.01 400.01)
                  (1280.01 1100.01 400.01)
                  (1280.01 1120.01 400.01)
                  (1280.01 1140.01 400.01)
                  (1280.01 1160.01 400.01)
                  (1280.01 1180.01 400.01)
                  (1280.01 1200.01 400.01)
                  (1280.01 1220.01 400.01)
                  (1280.01 1240.01 400.01)
                  (1280.01 1260.01 400.01)
                  (1280.01 1280.01 400.01)
                  (1280.01 1300.01 400.01)
                  (1280.01 1320.01 400.01)
                  (1280.01 1340.01 400.01)
                  (1280.01 1360.01 400.01)
                  (1280.01 1380.01 400.01)
                  (1280.01 1400.01 400.01)
                  (1280.01 1420.01 400.01)
                  (1280.01 1440.01 400.01)
                  (1280.01 1460.01 400.01)
                  (1280.01 1480.01 400.01)
                  (1280.01 1500.01 400.01)
                  (1280.01 1520.01 400.01)
                  (1280.01 1540.01 400.01)
                  (1280.01 1560.01 400.01)
                  (1280.01 1580.01 400.01)
                  (1280.01 1600.01 400.01)
                  (1280.01 1620.01 400.01)
                  (1280.01 1640.01 400.01)
                  (1280.01 1660.01 400.01)
                  (1280.01 1680.01 400.01)
                  (1280.01 1700.01 400.01)
                  (1280.01 1720.01 400.01)
                  (1280.01 1740.01 400.01)
                  (1280.01 1760.01 400.01)
                  (1280.01 1780.01 400.01)
          );
    }

    probeNy8
    {
          type                probes;
          functionObjectLibs ("libsampling.so");
          outputControl       runTime;
          writeInterval       0.1;
          timeStart           0.0;
          fields
          (
              U
          );

          probeLocations
          (
                  (1280.01 780.01 500.01)
                  (1280.01 800.01 500.01)
                  (1280.01 820.01 500.01)
                  (1280.01 840.01 500.01)
                  (1280.01 860.01 500.01)
                  (1280.01 880.01 500.01)
                  (1280.01 900.01 500.01)
                  (1280.01 920.01 500.01)
                  (1280.01 940.01 500.01)
                  (1280.01 960.01 500.01)
                  (1280.01 980.01 500.01)
                  (1280.01 1000.01 500.01)
                  (1280.01 1020.01 500.01)
                  (1280.01 1040.01 500.01)
                  (1280.01 1060.01 500.01)
                  (1280.01 1080.01 500.01)
                  (1280.01 1100.01 500.01)
                  (1280.01 1120.01 500.01)
                  (1280.01 1140.01 500.01)
                  (1280.01 1160.01 500.01)
                  (1280.01 1180.01 500.01)
                  (1280.01 1200.01 500.01)
                  (1280.01 1220.01 500.01)
                  (1280.01 1240.01 500.01)
                  (1280.01 1260.01 500.01)
                  (1280.01 1280.01 500.01)
                  (1280.01 1300.01 500.01)
                  (1280.01 1320.01 500.01)
                  (1280.01 1340.01 500.01)
                  (1280.01 1360.01 500.01)
                  (1280.01 1380.01 500.01)
                  (1280.01 1400.01 500.01)
                  (1280.01 1420.01 500.01)
                  (1280.01 1440.01 500.01)
                  (1280.01 1460.01 500.01)
                  (1280.01 1480.01 500.01)
                  (1280.01 1500.01 500.01)
                  (1280.01 1520.01 500.01)
                  (1280.01 1540.01 500.01)
                  (1280.01 1560.01 500.01)
                  (1280.01 1580.01 500.01)
                  (1280.01 1600.01 500.01)
                  (1280.01 1620.01 500.01)
                  (1280.01 1640.01 500.01)
                  (1280.01 1660.01 500.01)
                  (1280.01 1680.01 500.01)
                  (1280.01 1700.01 500.01)
                  (1280.01 1720.01 500.01)
                  (1280.01 1740.01 500.01)
                  (1280.01 1760.01 500.01)
                  (1280.01 1780.01 500.01)
          );
    }

    probeNy9
    {
          type                probes;
          functionObjectLibs ("libsampling.so");
          outputControl       runTime;
          writeInterval       0.1;
          timeStart           0.0;
          fields
          (
              U
          );

          probeLocations
          (
                  (1280.01 780.01 600.01)
                  (1280.01 800.01 600.01)
                  (1280.01 820.01 600.01)
                  (1280.01 840.01 600.01)
                  (1280.01 860.01 600.01)
                  (1280.01 880.01 600.01)
                  (1280.01 900.01 600.01)
                  (1280.01 920.01 600.01)
                  (1280.01 940.01 600.01)
                  (1280.01 960.01 600.01)
                  (1280.01 980.01 600.01)
                  (1280.01 1000.01 600.01)
                  (1280.01 1020.01 600.01)
                  (1280.01 1040.01 600.01)
                  (1280.01 1060.01 600.01)
                  (1280.01 1080.01 600.01)
                  (1280.01 1100.01 600.01)
                  (1280.01 1120.01 600.01)
                  (1280.01 1140.01 600.01)
                  (1280.01 1160.01 600.01)
                  (1280.01 1180.01 600.01)
                  (1280.01 1200.01 600.01)
                  (1280.01 1220.01 600.01)
                  (1280.01 1240.01 600.01)
                  (1280.01 1260.01 600.01)
                  (1280.01 1280.01 600.01)
                  (1280.01 1300.01 600.01)
                  (1280.01 1320.01 600.01)
                  (1280.01 1340.01 600.01)
                  (1280.01 1360.01 600.01)
                  (1280.01 1380.01 600.01)
                  (1280.01 1400.01 600.01)
                  (1280.01 1420.01 600.01)
                  (1280.01 1440.01 600.01)
                  (1280.01 1460.01 600.01)
                  (1280.01 1480.01 600.01)
                  (1280.01 1500.01 600.01)
                  (1280.01 1520.01 600.01)
                  (1280.01 1540.01 600.01)
                  (1280.01 1560.01 600.01)
                  (1280.01 1580.01 600.01)
                  (1280.01 1600.01 600.01)
                  (1280.01 1620.01 600.01)
                  (1280.01 1640.01 600.01)
                  (1280.01 1660.01 600.01)
                  (1280.01 1680.01 600.01)
                  (1280.01 1700.01 600.01)
                  (1280.01 1720.01 600.01)
                  (1280.01 1740.01 600.01)
                  (1280.01 1760.01 600.01)
                  (1280.01 1780.01 600.01)
          );
    }

    probeNy10
    {
          type                probes;
          functionObjectLibs ("libsampling.so");
          outputControl       runTime;
          writeInterval       0.1;
          timeStart           0.0;
          fields
          (
              U
          );

          probeLocations
          (
                  (1280.01 780.01 700.01)
                  (1280.01 800.01 700.01)
                  (1280.01 820.01 700.01)
                  (1280.01 840.01 700.01)
                  (1280.01 860.01 700.01)
                  (1280.01 880.01 700.01)
                  (1280.01 900.01 700.01)
                  (1280.01 920.01 700.01)
                  (1280.01 940.01 700.01)
                  (1280.01 960.01 700.01)
                  (1280.01 980.01 700.01)
                  (1280.01 1000.01 700.01)
                  (1280.01 1020.01 700.01)
                  (1280.01 1040.01 700.01)
                  (1280.01 1060.01 700.01)
                  (1280.01 1080.01 700.01)
                  (1280.01 1100.01 700.01)
                  (1280.01 1120.01 700.01)
                  (1280.01 1140.01 700.01)
                  (1280.01 1160.01 700.01)
                  (1280.01 1180.01 700.01)
                  (1280.01 1200.01 700.01)
                  (1280.01 1220.01 700.01)
                  (1280.01 1240.01 700.01)
                  (1280.01 1260.01 700.01)
                  (1280.01 1280.01 700.01)
                  (1280.01 1300.01 700.01)
                  (1280.01 1320.01 700.01)
                  (1280.01 1340.01 700.01)
                  (1280.01 1360.01 700.01)
                  (1280.01 1380.01 700.01)
                  (1280.01 1400.01 700.01)
                  (1280.01 1420.01 700.01)
                  (1280.01 1440.01 700.01)
                  (1280.01 1460.01 700.01)
                  (1280.01 1480.01 700.01)
                  (1280.01 1500.01 700.01)
                  (1280.01 1520.01 700.01)
                  (1280.01 1540.01 700.01)
                  (1280.01 1560.01 700.01)
                  (1280.01 1580.01 700.01)
                  (1280.01 1600.01 700.01)
                  (1280.01 1620.01 700.01)
                  (1280.01 1640.01 700.01)
                  (1280.01 1660.01 700.01)
                  (1280.01 1680.01 700.01)
                  (1280.01 1700.01 700.01)
                  (1280.01 1720.01 700.01)
                  (1280.01 1740.01 700.01)
                  (1280.01 1760.01 700.01)
                  (1280.01 1780.01 700.01)
          );
    }

    probeNy11
    {
          type                probes;
          functionObjectLibs ("libsampling.so");
          outputControl       runTime;
          writeInterval       0.1;
          timeStart           0.0;
          fields
          (
              U
          );

          probeLocations
          (
                  (1280.01 780.01 750.01)
                  (1280.01 800.01 750.01)
                  (1280.01 820.01 750.01)
                  (1280.01 840.01 750.01)
                  (1280.01 860.01 750.01)
                  (1280.01 880.01 750.01)
                  (1280.01 900.01 750.01)
                  (1280.01 920.01 750.01)
                  (1280.01 940.01 750.01)
                  (1280.01 960.01 750.01)
                  (1280.01 980.01 750.01)
                  (1280.01 1000.01 750.01)
                  (1280.01 1020.01 750.01)
                  (1280.01 1040.01 750.01)
                  (1280.01 1060.01 750.01)
                  (1280.01 1080.01 750.01)
                  (1280.01 1100.01 750.01)
                  (1280.01 1120.01 750.01)
                  (1280.01 1140.01 750.01)
                  (1280.01 1160.01 750.01)
                  (1280.01 1180.01 750.01)
                  (1280.01 1200.01 750.01)
                  (1280.01 1220.01 750.01)
                  (1280.01 1240.01 750.01)
                  (1280.01 1260.01 750.01)
                  (1280.01 1280.01 750.01)
                  (1280.01 1300.01 750.01)
                  (1280.01 1320.01 750.01)
                  (1280.01 1340.01 750.01)
                  (1280.01 1360.01 750.01)
                  (1280.01 1380.01 750.01)
                  (1280.01 1400.01 750.01)
                  (1280.01 1420.01 750.01)
                  (1280.01 1440.01 750.01)
                  (1280.01 1460.01 750.01)
                  (1280.01 1480.01 750.01)
                  (1280.01 1500.01 750.01)
                  (1280.01 1520.01 750.01)
                  (1280.01 1540.01 750.01)
                  (1280.01 1560.01 750.01)
                  (1280.01 1580.01 750.01)
                  (1280.01 1600.01 750.01)
                  (1280.01 1620.01 750.01)
                  (1280.01 1640.01 750.01)
                  (1280.01 1660.01 750.01)
                  (1280.01 1680.01 750.01)
                  (1280.01 1700.01 750.01)
                  (1280.01 1720.01 750.01)
                  (1280.01 1740.01 750.01)
                  (1280.01 1760.01 750.01)
                  (1280.01 1780.01 750.01)
          );
    }

    probeNy12
    {
          type                probes;
          functionObjectLibs ("libsampling.so");
          outputControl       runTime;
          writeInterval       0.1;
          timeStart           0.0;
          fields
          (
              U
          );

          probeLocations
          (
                  (1280.01 780.01 800.01)
                  (1280.01 800.01 800.01)
                  (1280.01 820.01 800.01)
                  (1280.01 840.01 800.01)
                  (1280.01 860.01 800.01)
                  (1280.01 880.01 800.01)
                  (1280.01 900.01 800.01)
                  (1280.01 920.01 800.01)
                  (1280.01 940.01 800.01)
                  (1280.01 960.01 800.01)
                  (1280.01 980.01 800.01)
                  (1280.01 1000.01 800.01)
                  (1280.01 1020.01 800.01)
                  (1280.01 1040.01 800.01)
                  (1280.01 1060.01 800.01)
                  (1280.01 1080.01 800.01)
                  (1280.01 1100.01 800.01)
                  (1280.01 1120.01 800.01)
                  (1280.01 1140.01 800.01)
                  (1280.01 1160.01 800.01)
                  (1280.01 1180.01 800.01)
                  (1280.01 1200.01 800.01)
                  (1280.01 1220.01 800.01)
                  (1280.01 1240.01 800.01)
                  (1280.01 1260.01 800.01)
                  (1280.01 1280.01 800.01)
                  (1280.01 1300.01 800.01)
                  (1280.01 1320.01 800.01)
                  (1280.01 1340.01 800.01)
                  (1280.01 1360.01 800.01)
                  (1280.01 1380.01 800.01)
                  (1280.01 1400.01 800.01)
                  (1280.01 1420.01 800.01)
                  (1280.01 1440.01 800.01)
                  (1280.01 1460.01 800.01)
                  (1280.01 1480.01 800.01)
                  (1280.01 1500.01 800.01)
                  (1280.01 1520.01 800.01)
                  (1280.01 1540.01 800.01)
                  (1280.01 1560.01 800.01)
                  (1280.01 1580.01 800.01)
                  (1280.01 1600.01 800.01)
                  (1280.01 1620.01 800.01)
                  (1280.01 1640.01 800.01)
                  (1280.01 1660.01 800.01)
                  (1280.01 1680.01 800.01)
                  (1280.01 1700.01 800.01)
                  (1280.01 1720.01 800.01)
                  (1280.01 1740.01 800.01)
                  (1280.01 1760.01 800.01)
                  (1280.01 1780.01 800.01)
          );
    }

    probeNy13
    {
          type                probes;
          functionObjectLibs ("libsampling.so");
          outputControl       runTime;
          writeInterval       0.1;
          timeStart           0.0;
          fields
          (
              U
          );

          probeLocations
          (
                  (1280.01 780.01 900.01)
                  (1280.01 800.01 900.01)
                  (1280.01 820.01 900.01)
                  (1280.01 840.01 900.01)
                  (1280.01 860.01 900.01)
                  (1280.01 880.01 900.01)
                  (1280.01 900.01 900.01)
                  (1280.01 920.01 900.01)
                  (1280.01 940.01 900.01)
                  (1280.01 960.01 900.01)
                  (1280.01 980.01 900.01)
                  (1280.01 1000.01 900.01)
                  (1280.01 1020.01 900.01)
                  (1280.01 1040.01 900.01)
                  (1280.01 1060.01 900.01)
                  (1280.01 1080.01 900.01)
                  (1280.01 1100.01 900.01)
                  (1280.01 1120.01 900.01)
                  (1280.01 1140.01 900.01)
                  (1280.01 1160.01 900.01)
                  (1280.01 1180.01 900.01)
                  (1280.01 1200.01 900.01)
                  (1280.01 1220.01 900.01)
                  (1280.01 1240.01 900.01)
                  (1280.01 1260.01 900.01)
                  (1280.01 1280.01 900.01)
                  (1280.01 1300.01 900.01)
                  (1280.01 1320.01 900.01)
                  (1280.01 1340.01 900.01)
                  (1280.01 1360.01 900.01)
                  (1280.01 1380.01 900.01)
                  (1280.01 1400.01 900.01)
                  (1280.01 1420.01 900.01)
                  (1280.01 1440.01 900.01)
                  (1280.01 1460.01 900.01)
                  (1280.01 1480.01 900.01)
                  (1280.01 1500.01 900.01)
                  (1280.01 1520.01 900.01)
                  (1280.01 1540.01 900.01)
                  (1280.01 1560.01 900.01)
                  (1280.01 1580.01 900.01)
                  (1280.01 1600.01 900.01)
                  (1280.01 1620.01 900.01)
                  (1280.01 1640.01 900.01)
                  (1280.01 1660.01 900.01)
                  (1280.01 1680.01 900.01)
                  (1280.01 1700.01 900.01)
                  (1280.01 1720.01 900.01)
                  (1280.01 1740.01 900.01)
                  (1280.01 1760.01 900.01)
                  (1280.01 1780.01 900.01)
          );
    }
