
    probeNx0
    {
          type                probes;
          functionObjectLibs ("libsampling.so");
          outputControl       runTime;
          writeInterval       0.1;
          timeStart           0.0;
          fields
          (
              U
          );

          probeLocations
          (
                  (847.0 1030.01 0.01)
                  (864.32 1040.01 0.01)
                  (881.64 1050.01 0.01)
                  (898.96 1060.01 0.01)
                  (916.28 1070.01 0.01)
                  (933.6 1080.01 0.01)
                  (950.92 1090.01 0.01)
                  (968.24 1100.01 0.01)
                  (985.56 1110.01 0.01)
                  (1002.88 1120.01 0.01)
                  (1020.2 1130.01 0.01)
                  (1037.52 1140.01 0.01)
                  (1054.84 1150.01 0.01)
                  (1072.16 1160.01 0.01)
                  (1089.48 1170.01 0.01)
                  (1106.8 1180.01 0.01)
                  (1124.13 1190.01 0.01)
                  (1141.45 1200.01 0.01)
                  (1158.77 1210.01 0.01)
                  (1176.09 1220.01 0.01)
                  (1193.41 1230.01 0.01)
                  (1210.73 1240.01 0.01)
                  (1228.05 1250.01 0.01)
                  (1245.37 1260.01 0.01)
                  (1262.69 1270.01 0.01)
                  (1280.01 1280.01 0.01)
                  (1297.33 1290.01 0.01)
                  (1314.65 1300.01 0.01)
                  (1331.97 1310.01 0.01)
                  (1349.29 1320.01 0.01)
                  (1366.61 1330.01 0.01)
                  (1383.93 1340.01 0.01)
                  (1401.25 1350.01 0.01)
                  (1418.57 1360.01 0.01)
                  (1435.89 1370.01 0.01)
                  (1453.22 1380.01 0.01)
                  (1470.54 1390.01 0.01)
                  (1487.86 1400.01 0.01)
                  (1505.18 1410.01 0.01)
                  (1522.5 1420.01 0.01)
                  (1539.82 1430.01 0.01)
                  (1557.14 1440.01 0.01)
                  (1574.46 1450.01 0.01)
                  (1591.78 1460.01 0.01)
                  (1609.1 1470.01 0.01)
                  (1626.42 1480.01 0.01)
                  (1643.74 1490.01 0.01)
                  (1661.06 1500.01 0.01)
                  (1678.38 1510.01 0.01)
                  (1695.7 1520.01 0.01)
                  (1713.02 1530.01 0.01)
          );
    }

    probeNx1
    {
          type                probes;
          functionObjectLibs ("libsampling.so");
          outputControl       runTime;
          writeInterval       0.1;
          timeStart           0.0;
          fields
          (
              U
          );

          probeLocations
          (
                  (847.0 1030.01 20.01)
                  (864.32 1040.01 20.01)
                  (881.64 1050.01 20.01)
                  (898.96 1060.01 20.01)
                  (916.28 1070.01 20.01)
                  (933.6 1080.01 20.01)
                  (950.92 1090.01 20.01)
                  (968.24 1100.01 20.01)
                  (985.56 1110.01 20.01)
                  (1002.88 1120.01 20.01)
                  (1020.2 1130.01 20.01)
                  (1037.52 1140.01 20.01)
                  (1054.84 1150.01 20.01)
                  (1072.16 1160.01 20.01)
                  (1089.48 1170.01 20.01)
                  (1106.8 1180.01 20.01)
                  (1124.13 1190.01 20.01)
                  (1141.45 1200.01 20.01)
                  (1158.77 1210.01 20.01)
                  (1176.09 1220.01 20.01)
                  (1193.41 1230.01 20.01)
                  (1210.73 1240.01 20.01)
                  (1228.05 1250.01 20.01)
                  (1245.37 1260.01 20.01)
                  (1262.69 1270.01 20.01)
                  (1280.01 1280.01 20.01)
                  (1297.33 1290.01 20.01)
                  (1314.65 1300.01 20.01)
                  (1331.97 1310.01 20.01)
                  (1349.29 1320.01 20.01)
                  (1366.61 1330.01 20.01)
                  (1383.93 1340.01 20.01)
                  (1401.25 1350.01 20.01)
                  (1418.57 1360.01 20.01)
                  (1435.89 1370.01 20.01)
                  (1453.22 1380.01 20.01)
                  (1470.54 1390.01 20.01)
                  (1487.86 1400.01 20.01)
                  (1505.18 1410.01 20.01)
                  (1522.5 1420.01 20.01)
                  (1539.82 1430.01 20.01)
                  (1557.14 1440.01 20.01)
                  (1574.46 1450.01 20.01)
                  (1591.78 1460.01 20.01)
                  (1609.1 1470.01 20.01)
                  (1626.42 1480.01 20.01)
                  (1643.74 1490.01 20.01)
                  (1661.06 1500.01 20.01)
                  (1678.38 1510.01 20.01)
                  (1695.7 1520.01 20.01)
                  (1713.02 1530.01 20.01)
          );
    }

    probeNx2
    {
          type                probes;
          functionObjectLibs ("libsampling.so");
          outputControl       runTime;
          writeInterval       0.1;
          timeStart           0.0;
          fields
          (
              U
          );

          probeLocations
          (
                  (847.0 1030.01 50.01)
                  (864.32 1040.01 50.01)
                  (881.64 1050.01 50.01)
                  (898.96 1060.01 50.01)
                  (916.28 1070.01 50.01)
                  (933.6 1080.01 50.01)
                  (950.92 1090.01 50.01)
                  (968.24 1100.01 50.01)
                  (985.56 1110.01 50.01)
                  (1002.88 1120.01 50.01)
                  (1020.2 1130.01 50.01)
                  (1037.52 1140.01 50.01)
                  (1054.84 1150.01 50.01)
                  (1072.16 1160.01 50.01)
                  (1089.48 1170.01 50.01)
                  (1106.8 1180.01 50.01)
                  (1124.13 1190.01 50.01)
                  (1141.45 1200.01 50.01)
                  (1158.77 1210.01 50.01)
                  (1176.09 1220.01 50.01)
                  (1193.41 1230.01 50.01)
                  (1210.73 1240.01 50.01)
                  (1228.05 1250.01 50.01)
                  (1245.37 1260.01 50.01)
                  (1262.69 1270.01 50.01)
                  (1280.01 1280.01 50.01)
                  (1297.33 1290.01 50.01)
                  (1314.65 1300.01 50.01)
                  (1331.97 1310.01 50.01)
                  (1349.29 1320.01 50.01)
                  (1366.61 1330.01 50.01)
                  (1383.93 1340.01 50.01)
                  (1401.25 1350.01 50.01)
                  (1418.57 1360.01 50.01)
                  (1435.89 1370.01 50.01)
                  (1453.22 1380.01 50.01)
                  (1470.54 1390.01 50.01)
                  (1487.86 1400.01 50.01)
                  (1505.18 1410.01 50.01)
                  (1522.5 1420.01 50.01)
                  (1539.82 1430.01 50.01)
                  (1557.14 1440.01 50.01)
                  (1574.46 1450.01 50.01)
                  (1591.78 1460.01 50.01)
                  (1609.1 1470.01 50.01)
                  (1626.42 1480.01 50.01)
                  (1643.74 1490.01 50.01)
                  (1661.06 1500.01 50.01)
                  (1678.38 1510.01 50.01)
                  (1695.7 1520.01 50.01)
                  (1713.02 1530.01 50.01)
          );
    }

    probeNx3
    {
          type                probes;
          functionObjectLibs ("libsampling.so");
          outputControl       runTime;
          writeInterval       0.1;
          timeStart           0.0;
          fields
          (
              U
          );

          probeLocations
          (
                  (847.0 1030.01 100.01)
                  (864.32 1040.01 100.01)
                  (881.64 1050.01 100.01)
                  (898.96 1060.01 100.01)
                  (916.28 1070.01 100.01)
                  (933.6 1080.01 100.01)
                  (950.92 1090.01 100.01)
                  (968.24 1100.01 100.01)
                  (985.56 1110.01 100.01)
                  (1002.88 1120.01 100.01)
                  (1020.2 1130.01 100.01)
                  (1037.52 1140.01 100.01)
                  (1054.84 1150.01 100.01)
                  (1072.16 1160.01 100.01)
                  (1089.48 1170.01 100.01)
                  (1106.8 1180.01 100.01)
                  (1124.13 1190.01 100.01)
                  (1141.45 1200.01 100.01)
                  (1158.77 1210.01 100.01)
                  (1176.09 1220.01 100.01)
                  (1193.41 1230.01 100.01)
                  (1210.73 1240.01 100.01)
                  (1228.05 1250.01 100.01)
                  (1245.37 1260.01 100.01)
                  (1262.69 1270.01 100.01)
                  (1280.01 1280.01 100.01)
                  (1297.33 1290.01 100.01)
                  (1314.65 1300.01 100.01)
                  (1331.97 1310.01 100.01)
                  (1349.29 1320.01 100.01)
                  (1366.61 1330.01 100.01)
                  (1383.93 1340.01 100.01)
                  (1401.25 1350.01 100.01)
                  (1418.57 1360.01 100.01)
                  (1435.89 1370.01 100.01)
                  (1453.22 1380.01 100.01)
                  (1470.54 1390.01 100.01)
                  (1487.86 1400.01 100.01)
                  (1505.18 1410.01 100.01)
                  (1522.5 1420.01 100.01)
                  (1539.82 1430.01 100.01)
                  (1557.14 1440.01 100.01)
                  (1574.46 1450.01 100.01)
                  (1591.78 1460.01 100.01)
                  (1609.1 1470.01 100.01)
                  (1626.42 1480.01 100.01)
                  (1643.74 1490.01 100.01)
                  (1661.06 1500.01 100.01)
                  (1678.38 1510.01 100.01)
                  (1695.7 1520.01 100.01)
                  (1713.02 1530.01 100.01)
          );
    }

    probeNx4
    {
          type                probes;
          functionObjectLibs ("libsampling.so");
          outputControl       runTime;
          writeInterval       0.1;
          timeStart           0.0;
          fields
          (
              U
          );

          probeLocations
          (
                  (847.0 1030.01 150.01)
                  (864.32 1040.01 150.01)
                  (881.64 1050.01 150.01)
                  (898.96 1060.01 150.01)
                  (916.28 1070.01 150.01)
                  (933.6 1080.01 150.01)
                  (950.92 1090.01 150.01)
                  (968.24 1100.01 150.01)
                  (985.56 1110.01 150.01)
                  (1002.88 1120.01 150.01)
                  (1020.2 1130.01 150.01)
                  (1037.52 1140.01 150.01)
                  (1054.84 1150.01 150.01)
                  (1072.16 1160.01 150.01)
                  (1089.48 1170.01 150.01)
                  (1106.8 1180.01 150.01)
                  (1124.13 1190.01 150.01)
                  (1141.45 1200.01 150.01)
                  (1158.77 1210.01 150.01)
                  (1176.09 1220.01 150.01)
                  (1193.41 1230.01 150.01)
                  (1210.73 1240.01 150.01)
                  (1228.05 1250.01 150.01)
                  (1245.37 1260.01 150.01)
                  (1262.69 1270.01 150.01)
                  (1280.01 1280.01 150.01)
                  (1297.33 1290.01 150.01)
                  (1314.65 1300.01 150.01)
                  (1331.97 1310.01 150.01)
                  (1349.29 1320.01 150.01)
                  (1366.61 1330.01 150.01)
                  (1383.93 1340.01 150.01)
                  (1401.25 1350.01 150.01)
                  (1418.57 1360.01 150.01)
                  (1435.89 1370.01 150.01)
                  (1453.22 1380.01 150.01)
                  (1470.54 1390.01 150.01)
                  (1487.86 1400.01 150.01)
                  (1505.18 1410.01 150.01)
                  (1522.5 1420.01 150.01)
                  (1539.82 1430.01 150.01)
                  (1557.14 1440.01 150.01)
                  (1574.46 1450.01 150.01)
                  (1591.78 1460.01 150.01)
                  (1609.1 1470.01 150.01)
                  (1626.42 1480.01 150.01)
                  (1643.74 1490.01 150.01)
                  (1661.06 1500.01 150.01)
                  (1678.38 1510.01 150.01)
                  (1695.7 1520.01 150.01)
                  (1713.02 1530.01 150.01)
          );
    }

    probeNx5
    {
          type                probes;
          functionObjectLibs ("libsampling.so");
          outputControl       runTime;
          writeInterval       0.1;
          timeStart           0.0;
          fields
          (
              U
          );

          probeLocations
          (
                  (847.0 1030.01 200.01)
                  (864.32 1040.01 200.01)
                  (881.64 1050.01 200.01)
                  (898.96 1060.01 200.01)
                  (916.28 1070.01 200.01)
                  (933.6 1080.01 200.01)
                  (950.92 1090.01 200.01)
                  (968.24 1100.01 200.01)
                  (985.56 1110.01 200.01)
                  (1002.88 1120.01 200.01)
                  (1020.2 1130.01 200.01)
                  (1037.52 1140.01 200.01)
                  (1054.84 1150.01 200.01)
                  (1072.16 1160.01 200.01)
                  (1089.48 1170.01 200.01)
                  (1106.8 1180.01 200.01)
                  (1124.13 1190.01 200.01)
                  (1141.45 1200.01 200.01)
                  (1158.77 1210.01 200.01)
                  (1176.09 1220.01 200.01)
                  (1193.41 1230.01 200.01)
                  (1210.73 1240.01 200.01)
                  (1228.05 1250.01 200.01)
                  (1245.37 1260.01 200.01)
                  (1262.69 1270.01 200.01)
                  (1280.01 1280.01 200.01)
                  (1297.33 1290.01 200.01)
                  (1314.65 1300.01 200.01)
                  (1331.97 1310.01 200.01)
                  (1349.29 1320.01 200.01)
                  (1366.61 1330.01 200.01)
                  (1383.93 1340.01 200.01)
                  (1401.25 1350.01 200.01)
                  (1418.57 1360.01 200.01)
                  (1435.89 1370.01 200.01)
                  (1453.22 1380.01 200.01)
                  (1470.54 1390.01 200.01)
                  (1487.86 1400.01 200.01)
                  (1505.18 1410.01 200.01)
                  (1522.5 1420.01 200.01)
                  (1539.82 1430.01 200.01)
                  (1557.14 1440.01 200.01)
                  (1574.46 1450.01 200.01)
                  (1591.78 1460.01 200.01)
                  (1609.1 1470.01 200.01)
                  (1626.42 1480.01 200.01)
                  (1643.74 1490.01 200.01)
                  (1661.06 1500.01 200.01)
                  (1678.38 1510.01 200.01)
                  (1695.7 1520.01 200.01)
                  (1713.02 1530.01 200.01)
          );
    }

    probeNx6
    {
          type                probes;
          functionObjectLibs ("libsampling.so");
          outputControl       runTime;
          writeInterval       0.1;
          timeStart           0.0;
          fields
          (
              U
          );

          probeLocations
          (
                  (847.0 1030.01 300.01)
                  (864.32 1040.01 300.01)
                  (881.64 1050.01 300.01)
                  (898.96 1060.01 300.01)
                  (916.28 1070.01 300.01)
                  (933.6 1080.01 300.01)
                  (950.92 1090.01 300.01)
                  (968.24 1100.01 300.01)
                  (985.56 1110.01 300.01)
                  (1002.88 1120.01 300.01)
                  (1020.2 1130.01 300.01)
                  (1037.52 1140.01 300.01)
                  (1054.84 1150.01 300.01)
                  (1072.16 1160.01 300.01)
                  (1089.48 1170.01 300.01)
                  (1106.8 1180.01 300.01)
                  (1124.13 1190.01 300.01)
                  (1141.45 1200.01 300.01)
                  (1158.77 1210.01 300.01)
                  (1176.09 1220.01 300.01)
                  (1193.41 1230.01 300.01)
                  (1210.73 1240.01 300.01)
                  (1228.05 1250.01 300.01)
                  (1245.37 1260.01 300.01)
                  (1262.69 1270.01 300.01)
                  (1280.01 1280.01 300.01)
                  (1297.33 1290.01 300.01)
                  (1314.65 1300.01 300.01)
                  (1331.97 1310.01 300.01)
                  (1349.29 1320.01 300.01)
                  (1366.61 1330.01 300.01)
                  (1383.93 1340.01 300.01)
                  (1401.25 1350.01 300.01)
                  (1418.57 1360.01 300.01)
                  (1435.89 1370.01 300.01)
                  (1453.22 1380.01 300.01)
                  (1470.54 1390.01 300.01)
                  (1487.86 1400.01 300.01)
                  (1505.18 1410.01 300.01)
                  (1522.5 1420.01 300.01)
                  (1539.82 1430.01 300.01)
                  (1557.14 1440.01 300.01)
                  (1574.46 1450.01 300.01)
                  (1591.78 1460.01 300.01)
                  (1609.1 1470.01 300.01)
                  (1626.42 1480.01 300.01)
                  (1643.74 1490.01 300.01)
                  (1661.06 1500.01 300.01)
                  (1678.38 1510.01 300.01)
                  (1695.7 1520.01 300.01)
                  (1713.02 1530.01 300.01)
          );
    }

    probeNx7
    {
          type                probes;
          functionObjectLibs ("libsampling.so");
          outputControl       runTime;
          writeInterval       0.1;
          timeStart           0.0;
          fields
          (
              U
          );

          probeLocations
          (
                  (847.0 1030.01 400.01)
                  (864.32 1040.01 400.01)
                  (881.64 1050.01 400.01)
                  (898.96 1060.01 400.01)
                  (916.28 1070.01 400.01)
                  (933.6 1080.01 400.01)
                  (950.92 1090.01 400.01)
                  (968.24 1100.01 400.01)
                  (985.56 1110.01 400.01)
                  (1002.88 1120.01 400.01)
                  (1020.2 1130.01 400.01)
                  (1037.52 1140.01 400.01)
                  (1054.84 1150.01 400.01)
                  (1072.16 1160.01 400.01)
                  (1089.48 1170.01 400.01)
                  (1106.8 1180.01 400.01)
                  (1124.13 1190.01 400.01)
                  (1141.45 1200.01 400.01)
                  (1158.77 1210.01 400.01)
                  (1176.09 1220.01 400.01)
                  (1193.41 1230.01 400.01)
                  (1210.73 1240.01 400.01)
                  (1228.05 1250.01 400.01)
                  (1245.37 1260.01 400.01)
                  (1262.69 1270.01 400.01)
                  (1280.01 1280.01 400.01)
                  (1297.33 1290.01 400.01)
                  (1314.65 1300.01 400.01)
                  (1331.97 1310.01 400.01)
                  (1349.29 1320.01 400.01)
                  (1366.61 1330.01 400.01)
                  (1383.93 1340.01 400.01)
                  (1401.25 1350.01 400.01)
                  (1418.57 1360.01 400.01)
                  (1435.89 1370.01 400.01)
                  (1453.22 1380.01 400.01)
                  (1470.54 1390.01 400.01)
                  (1487.86 1400.01 400.01)
                  (1505.18 1410.01 400.01)
                  (1522.5 1420.01 400.01)
                  (1539.82 1430.01 400.01)
                  (1557.14 1440.01 400.01)
                  (1574.46 1450.01 400.01)
                  (1591.78 1460.01 400.01)
                  (1609.1 1470.01 400.01)
                  (1626.42 1480.01 400.01)
                  (1643.74 1490.01 400.01)
                  (1661.06 1500.01 400.01)
                  (1678.38 1510.01 400.01)
                  (1695.7 1520.01 400.01)
                  (1713.02 1530.01 400.01)
          );
    }

    probeNx8
    {
          type                probes;
          functionObjectLibs ("libsampling.so");
          outputControl       runTime;
          writeInterval       0.1;
          timeStart           0.0;
          fields
          (
              U
          );

          probeLocations
          (
                  (847.0 1030.01 500.01)
                  (864.32 1040.01 500.01)
                  (881.64 1050.01 500.01)
                  (898.96 1060.01 500.01)
                  (916.28 1070.01 500.01)
                  (933.6 1080.01 500.01)
                  (950.92 1090.01 500.01)
                  (968.24 1100.01 500.01)
                  (985.56 1110.01 500.01)
                  (1002.88 1120.01 500.01)
                  (1020.2 1130.01 500.01)
                  (1037.52 1140.01 500.01)
                  (1054.84 1150.01 500.01)
                  (1072.16 1160.01 500.01)
                  (1089.48 1170.01 500.01)
                  (1106.8 1180.01 500.01)
                  (1124.13 1190.01 500.01)
                  (1141.45 1200.01 500.01)
                  (1158.77 1210.01 500.01)
                  (1176.09 1220.01 500.01)
                  (1193.41 1230.01 500.01)
                  (1210.73 1240.01 500.01)
                  (1228.05 1250.01 500.01)
                  (1245.37 1260.01 500.01)
                  (1262.69 1270.01 500.01)
                  (1280.01 1280.01 500.01)
                  (1297.33 1290.01 500.01)
                  (1314.65 1300.01 500.01)
                  (1331.97 1310.01 500.01)
                  (1349.29 1320.01 500.01)
                  (1366.61 1330.01 500.01)
                  (1383.93 1340.01 500.01)
                  (1401.25 1350.01 500.01)
                  (1418.57 1360.01 500.01)
                  (1435.89 1370.01 500.01)
                  (1453.22 1380.01 500.01)
                  (1470.54 1390.01 500.01)
                  (1487.86 1400.01 500.01)
                  (1505.18 1410.01 500.01)
                  (1522.5 1420.01 500.01)
                  (1539.82 1430.01 500.01)
                  (1557.14 1440.01 500.01)
                  (1574.46 1450.01 500.01)
                  (1591.78 1460.01 500.01)
                  (1609.1 1470.01 500.01)
                  (1626.42 1480.01 500.01)
                  (1643.74 1490.01 500.01)
                  (1661.06 1500.01 500.01)
                  (1678.38 1510.01 500.01)
                  (1695.7 1520.01 500.01)
                  (1713.02 1530.01 500.01)
          );
    }

    probeNx9
    {
          type                probes;
          functionObjectLibs ("libsampling.so");
          outputControl       runTime;
          writeInterval       0.1;
          timeStart           0.0;
          fields
          (
              U
          );

          probeLocations
          (
                  (847.0 1030.01 600.01)
                  (864.32 1040.01 600.01)
                  (881.64 1050.01 600.01)
                  (898.96 1060.01 600.01)
                  (916.28 1070.01 600.01)
                  (933.6 1080.01 600.01)
                  (950.92 1090.01 600.01)
                  (968.24 1100.01 600.01)
                  (985.56 1110.01 600.01)
                  (1002.88 1120.01 600.01)
                  (1020.2 1130.01 600.01)
                  (1037.52 1140.01 600.01)
                  (1054.84 1150.01 600.01)
                  (1072.16 1160.01 600.01)
                  (1089.48 1170.01 600.01)
                  (1106.8 1180.01 600.01)
                  (1124.13 1190.01 600.01)
                  (1141.45 1200.01 600.01)
                  (1158.77 1210.01 600.01)
                  (1176.09 1220.01 600.01)
                  (1193.41 1230.01 600.01)
                  (1210.73 1240.01 600.01)
                  (1228.05 1250.01 600.01)
                  (1245.37 1260.01 600.01)
                  (1262.69 1270.01 600.01)
                  (1280.01 1280.01 600.01)
                  (1297.33 1290.01 600.01)
                  (1314.65 1300.01 600.01)
                  (1331.97 1310.01 600.01)
                  (1349.29 1320.01 600.01)
                  (1366.61 1330.01 600.01)
                  (1383.93 1340.01 600.01)
                  (1401.25 1350.01 600.01)
                  (1418.57 1360.01 600.01)
                  (1435.89 1370.01 600.01)
                  (1453.22 1380.01 600.01)
                  (1470.54 1390.01 600.01)
                  (1487.86 1400.01 600.01)
                  (1505.18 1410.01 600.01)
                  (1522.5 1420.01 600.01)
                  (1539.82 1430.01 600.01)
                  (1557.14 1440.01 600.01)
                  (1574.46 1450.01 600.01)
                  (1591.78 1460.01 600.01)
                  (1609.1 1470.01 600.01)
                  (1626.42 1480.01 600.01)
                  (1643.74 1490.01 600.01)
                  (1661.06 1500.01 600.01)
                  (1678.38 1510.01 600.01)
                  (1695.7 1520.01 600.01)
                  (1713.02 1530.01 600.01)
          );
    }

    probeNx10
    {
          type                probes;
          functionObjectLibs ("libsampling.so");
          outputControl       runTime;
          writeInterval       0.1;
          timeStart           0.0;
          fields
          (
              U
          );

          probeLocations
          (
                  (847.0 1030.01 700.01)
                  (864.32 1040.01 700.01)
                  (881.64 1050.01 700.01)
                  (898.96 1060.01 700.01)
                  (916.28 1070.01 700.01)
                  (933.6 1080.01 700.01)
                  (950.92 1090.01 700.01)
                  (968.24 1100.01 700.01)
                  (985.56 1110.01 700.01)
                  (1002.88 1120.01 700.01)
                  (1020.2 1130.01 700.01)
                  (1037.52 1140.01 700.01)
                  (1054.84 1150.01 700.01)
                  (1072.16 1160.01 700.01)
                  (1089.48 1170.01 700.01)
                  (1106.8 1180.01 700.01)
                  (1124.13 1190.01 700.01)
                  (1141.45 1200.01 700.01)
                  (1158.77 1210.01 700.01)
                  (1176.09 1220.01 700.01)
                  (1193.41 1230.01 700.01)
                  (1210.73 1240.01 700.01)
                  (1228.05 1250.01 700.01)
                  (1245.37 1260.01 700.01)
                  (1262.69 1270.01 700.01)
                  (1280.01 1280.01 700.01)
                  (1297.33 1290.01 700.01)
                  (1314.65 1300.01 700.01)
                  (1331.97 1310.01 700.01)
                  (1349.29 1320.01 700.01)
                  (1366.61 1330.01 700.01)
                  (1383.93 1340.01 700.01)
                  (1401.25 1350.01 700.01)
                  (1418.57 1360.01 700.01)
                  (1435.89 1370.01 700.01)
                  (1453.22 1380.01 700.01)
                  (1470.54 1390.01 700.01)
                  (1487.86 1400.01 700.01)
                  (1505.18 1410.01 700.01)
                  (1522.5 1420.01 700.01)
                  (1539.82 1430.01 700.01)
                  (1557.14 1440.01 700.01)
                  (1574.46 1450.01 700.01)
                  (1591.78 1460.01 700.01)
                  (1609.1 1470.01 700.01)
                  (1626.42 1480.01 700.01)
                  (1643.74 1490.01 700.01)
                  (1661.06 1500.01 700.01)
                  (1678.38 1510.01 700.01)
                  (1695.7 1520.01 700.01)
                  (1713.02 1530.01 700.01)
          );
    }

    probeNx11
    {
          type                probes;
          functionObjectLibs ("libsampling.so");
          outputControl       runTime;
          writeInterval       0.1;
          timeStart           0.0;
          fields
          (
              U
          );

          probeLocations
          (
                  (847.0 1030.01 750.01)
                  (864.32 1040.01 750.01)
                  (881.64 1050.01 750.01)
                  (898.96 1060.01 750.01)
                  (916.28 1070.01 750.01)
                  (933.6 1080.01 750.01)
                  (950.92 1090.01 750.01)
                  (968.24 1100.01 750.01)
                  (985.56 1110.01 750.01)
                  (1002.88 1120.01 750.01)
                  (1020.2 1130.01 750.01)
                  (1037.52 1140.01 750.01)
                  (1054.84 1150.01 750.01)
                  (1072.16 1160.01 750.01)
                  (1089.48 1170.01 750.01)
                  (1106.8 1180.01 750.01)
                  (1124.13 1190.01 750.01)
                  (1141.45 1200.01 750.01)
                  (1158.77 1210.01 750.01)
                  (1176.09 1220.01 750.01)
                  (1193.41 1230.01 750.01)
                  (1210.73 1240.01 750.01)
                  (1228.05 1250.01 750.01)
                  (1245.37 1260.01 750.01)
                  (1262.69 1270.01 750.01)
                  (1280.01 1280.01 750.01)
                  (1297.33 1290.01 750.01)
                  (1314.65 1300.01 750.01)
                  (1331.97 1310.01 750.01)
                  (1349.29 1320.01 750.01)
                  (1366.61 1330.01 750.01)
                  (1383.93 1340.01 750.01)
                  (1401.25 1350.01 750.01)
                  (1418.57 1360.01 750.01)
                  (1435.89 1370.01 750.01)
                  (1453.22 1380.01 750.01)
                  (1470.54 1390.01 750.01)
                  (1487.86 1400.01 750.01)
                  (1505.18 1410.01 750.01)
                  (1522.5 1420.01 750.01)
                  (1539.82 1430.01 750.01)
                  (1557.14 1440.01 750.01)
                  (1574.46 1450.01 750.01)
                  (1591.78 1460.01 750.01)
                  (1609.1 1470.01 750.01)
                  (1626.42 1480.01 750.01)
                  (1643.74 1490.01 750.01)
                  (1661.06 1500.01 750.01)
                  (1678.38 1510.01 750.01)
                  (1695.7 1520.01 750.01)
                  (1713.02 1530.01 750.01)
          );
    }

    probeNx12
    {
          type                probes;
          functionObjectLibs ("libsampling.so");
          outputControl       runTime;
          writeInterval       0.1;
          timeStart           0.0;
          fields
          (
              U
          );

          probeLocations
          (
                  (847.0 1030.01 800.01)
                  (864.32 1040.01 800.01)
                  (881.64 1050.01 800.01)
                  (898.96 1060.01 800.01)
                  (916.28 1070.01 800.01)
                  (933.6 1080.01 800.01)
                  (950.92 1090.01 800.01)
                  (968.24 1100.01 800.01)
                  (985.56 1110.01 800.01)
                  (1002.88 1120.01 800.01)
                  (1020.2 1130.01 800.01)
                  (1037.52 1140.01 800.01)
                  (1054.84 1150.01 800.01)
                  (1072.16 1160.01 800.01)
                  (1089.48 1170.01 800.01)
                  (1106.8 1180.01 800.01)
                  (1124.13 1190.01 800.01)
                  (1141.45 1200.01 800.01)
                  (1158.77 1210.01 800.01)
                  (1176.09 1220.01 800.01)
                  (1193.41 1230.01 800.01)
                  (1210.73 1240.01 800.01)
                  (1228.05 1250.01 800.01)
                  (1245.37 1260.01 800.01)
                  (1262.69 1270.01 800.01)
                  (1280.01 1280.01 800.01)
                  (1297.33 1290.01 800.01)
                  (1314.65 1300.01 800.01)
                  (1331.97 1310.01 800.01)
                  (1349.29 1320.01 800.01)
                  (1366.61 1330.01 800.01)
                  (1383.93 1340.01 800.01)
                  (1401.25 1350.01 800.01)
                  (1418.57 1360.01 800.01)
                  (1435.89 1370.01 800.01)
                  (1453.22 1380.01 800.01)
                  (1470.54 1390.01 800.01)
                  (1487.86 1400.01 800.01)
                  (1505.18 1410.01 800.01)
                  (1522.5 1420.01 800.01)
                  (1539.82 1430.01 800.01)
                  (1557.14 1440.01 800.01)
                  (1574.46 1450.01 800.01)
                  (1591.78 1460.01 800.01)
                  (1609.1 1470.01 800.01)
                  (1626.42 1480.01 800.01)
                  (1643.74 1490.01 800.01)
                  (1661.06 1500.01 800.01)
                  (1678.38 1510.01 800.01)
                  (1695.7 1520.01 800.01)
                  (1713.02 1530.01 800.01)
          );
    }

    probeNx13
    {
          type                probes;
          functionObjectLibs ("libsampling.so");
          outputControl       runTime;
          writeInterval       0.1;
          timeStart           0.0;
          fields
          (
              U
          );

          probeLocations
          (
                  (847.0 1030.01 900.01)
                  (864.32 1040.01 900.01)
                  (881.64 1050.01 900.01)
                  (898.96 1060.01 900.01)
                  (916.28 1070.01 900.01)
                  (933.6 1080.01 900.01)
                  (950.92 1090.01 900.01)
                  (968.24 1100.01 900.01)
                  (985.56 1110.01 900.01)
                  (1002.88 1120.01 900.01)
                  (1020.2 1130.01 900.01)
                  (1037.52 1140.01 900.01)
                  (1054.84 1150.01 900.01)
                  (1072.16 1160.01 900.01)
                  (1089.48 1170.01 900.01)
                  (1106.8 1180.01 900.01)
                  (1124.13 1190.01 900.01)
                  (1141.45 1200.01 900.01)
                  (1158.77 1210.01 900.01)
                  (1176.09 1220.01 900.01)
                  (1193.41 1230.01 900.01)
                  (1210.73 1240.01 900.01)
                  (1228.05 1250.01 900.01)
                  (1245.37 1260.01 900.01)
                  (1262.69 1270.01 900.01)
                  (1280.01 1280.01 900.01)
                  (1297.33 1290.01 900.01)
                  (1314.65 1300.01 900.01)
                  (1331.97 1310.01 900.01)
                  (1349.29 1320.01 900.01)
                  (1366.61 1330.01 900.01)
                  (1383.93 1340.01 900.01)
                  (1401.25 1350.01 900.01)
                  (1418.57 1360.01 900.01)
                  (1435.89 1370.01 900.01)
                  (1453.22 1380.01 900.01)
                  (1470.54 1390.01 900.01)
                  (1487.86 1400.01 900.01)
                  (1505.18 1410.01 900.01)
                  (1522.5 1420.01 900.01)
                  (1539.82 1430.01 900.01)
                  (1557.14 1440.01 900.01)
                  (1574.46 1450.01 900.01)
                  (1591.78 1460.01 900.01)
                  (1609.1 1470.01 900.01)
                  (1626.42 1480.01 900.01)
                  (1643.74 1490.01 900.01)
                  (1661.06 1500.01 900.01)
                  (1678.38 1510.01 900.01)
                  (1695.7 1520.01 900.01)
                  (1713.02 1530.01 900.01)
          );
    }
